1e-09 2.6e-10 4.23005e-06
1.26e-09 3.2e-10 6.5119e-06
1.58e-09 4.2e-10 1.00219e-05
2e-09 5.1e-10 1.53998e-05
2.51e-09 6.5e-10 2.35967e-05
3.16e-09 8.2e-10 3.60005e-05
3.98e-09 1.03e-09 5.45882e-05
5.01e-09 1.3e-09 8.20893e-05
6.31e-09 1.63e-09 0.000122094
7.94e-09 2.06e-09 0.00017904
1e-08 2.6e-09 0.000257769
1.26e-08 3.2e-09 0.000362647
1.58e-08 4.2e-09 0.000495332
2e-08 5.1e-09 0.000651765
2.51e-08 6.5e-09 0.000818184
3.16e-08 8.2e-09 0.00096809
3.98e-08 1.03e-08 0.00106357
5.01e-08 1.3e-08 0.0010652
6.31e-08 1.63e-08 0.000951637
7.94e-08 2.06e-08 0.000740641
1e-07 2.6e-08 0.000492894
1.26e-07 3.2e-08 0.000284061
1.58e-07 4.2e-08 0.000158787
2e-07 5.1e-08 0.000109942
2.51e-07 6.5e-08 0.000102077
3.16e-07 8.2e-08 0.000106869
3.98e-07 1.03e-07 0.000113227
5.01e-07 1.3e-07 0.000118924
6.31e-07 1.63e-07 0.000123789
7.94e-07 2.06e-07 0.000127895
1e-06 2.6e-07 0.000131337
1.26e-06 3.2e-07 0.000134216
1.58e-06 4.2e-07 0.000136627
2e-06 5.1e-07 0.000138652
2.51e-06 6.5e-07 0.000140366
3.16e-06 8.2e-07 0.00014183
3.98e-06 1.03e-06 0.000143093
5.01e-06 1.3e-06 0.000144196
6.31e-06 1.63e-06 0.000145171
7.94e-06 2.06e-06 0.000146046
1e-05 2.6e-06 0.00014684
1.26e-05 3.2e-06 0.000147571
1.58e-05 4.2e-06 0.000148251
2e-05 5.1e-06 0.000148891
2.51e-05 6.5e-06 0.0001495
3.16e-05 8.2e-06 0.000150086
3.98e-05 1.03e-05 0.000150655
5.01e-05 1.3e-05 0.000151213
6.31e-05 1.63e-05 0.000151766
7.94e-05 2.06e-05 0.000152318
0.0001 2.5897e-05 0.000152875
0.000125897 3.2591e-05 0.000153443
0.000158488 4.1041e-05 0.000154028
0.000199529 5.1662e-05 0.000154636
0.000251191 6.5038e-05 0.000155274
0.000316229 8.1881e-05 0.000155953
0.00039811 0.00010308 0.00015668
0.00050119 0.000129765 0.000157467
0.000630955 0.00016338 0.000158327
0.000794335 0.000205665 0.000159275
0.001 0.00025896 0.000160329
0.00125896 0.00032592 0.000161509
0.00158488 0.00041041 0.000162839
0.00199529 0.00051662 0.000164346
0.00251191 0.00065039 0.000166064
0.0031623 0.0008188 0.000168032
0.0039811 0.0010308 0.000170294
0.0050119 0.00129765 0.000172904
0.00630955 0.0016338 0.000175926
0.00794335 0.00205665 0.000179435
0.01 0.0025886 0.000183518
0.0125886 0.0032603 0.000188284
0.0158489 0.004104 0.000193855
0.0199529 0.0051663 0.000200381
0.0251192 0.0065037 0.000208039
0.0316229 0.0081881 0.000217041
0.039811 0.010308 0.000227638
0.050119 0.0129765 0.000240128
0.0630955 0.016337 0.000254862
0.0794325 0.0205675 0.000272252
0.1 0.025886 0.000292762
0.125886 0.032602 0.00031694
0.158488 0.041041 0.000345348
0.199529 0.051662 0.000378572
0.251191 0.065038 0.000417144
0.316229 0.081881 0.000461432
0.39811 0.10308 0.000511462
0.50119 0.129775 0.00056668
0.630965 0.16336 0.000625611
0.794325 0.205675 0.000685534
1 0.25886 0.000742116
1.25886 0.32603 0.000789446
1.58489 0.4104 0.000820313
1.99529 0.51662 0.000827532
2.51191 0.65039 0.000805992
3.1623 0.8188 0.000755299
3.9811 1.0308 0.000681904
5.0119 1.29765 0.000599
6.30955 1.6338 0.000522894
7.94335 2.05665 0.000466686
10 2.5897 0.000434925
12.5897 3.2592 0.000423908
15.8489 4.1039 0.000427901
19.9528 5.1663 0.000446239
25.1191 6.5038 0.000485547
31.6229 8.1881 0.000556277
39.811 10.308 0.000665722
50.119 12.9765 0.000809995
63.0955 16.338 0.000968752
79.4335 20.5665 0.00110721
100 25.887 0.00118736
125.887 32.601 0.00118316
158.488 41.04 0.00109084
199.528 51.663 0.000928902
251.191 65.038 0.00072949
316.229 81.881 0.000528107
398.11 103.08 0.000354715
501.19 129.775 0.000225782
630.965 163.37 0.000141325
794.335 205.665 9.05139e-05
1000 258.86 6.06763e-05
1258.86 326.03 4.24898e-05
1584.89 410.39 3.06236e-05
1995.28 516.64 2.23835e-05
2511.92 650.38 1.64427e-05
3162.3 818.8 1.2089e-05
3981.1 1030.8 8.88308e-06
5011.9 1297.75 6.52151e-06
6309.65 1633.7 4.7839e-06
7943.35 2056.65 3.50687e-06
10000 2588.7 2.56952e-06
12588.7 3260.1 1.88159e-06
15848.8 4104 1.37739e-06
19952.8 5166.4 1.00804e-06
25119.2 6503.7 7.37549e-07
31622.9 8188.1 5.39531e-07
39811 10308 3.94612e-07
50119 12977.5 2.88576e-07
63096.5 16336 2.11016e-07
79432.5 20567.5 1.54283e-07
100000 25886 1.12801e-07
125886 32602 8.24552e-08
158488 41040 6.02718e-08
199528 51664 4.40552e-08
251192 65038 3.22004e-08
316230 81880 2.35344e-08
398110 103080 1.71999e-08
501190 129775 1.25698e-08
630965 163360 9.18611e-09
794325 205675 6.71289e-09
1e+06 1.15886e+07 4.90573e-09
1.25886e+07 3.2603e+06 3.58447e-09
1.58489e+07 4.104e+06 2.6191e-09
1.99529e+07 5.1662e+06 1.91372e-09
2.51191e+07 6.5039e+06 1.39828e-09
3.1623e+07 8.188e+06 1.02164e-09
3.9811e+07 1.0308e+07 7.46428e-10
5.0119e+07 1.29765e+07 5.45335e-10
