1e-09 2.6e-10 3.48365e-06
1.26e-09 3.2e-10 5.36226e-06
1.58e-09 4.2e-10 8.25178e-06
2e-09 5.1e-10 1.26787e-05
2.51e-09 6.5e-10 1.9426e-05
3.16e-09 8.2e-10 2.96357e-05
3.98e-09 1.03e-09 4.49349e-05
5.01e-09 1.3e-09 6.75699e-05
6.31e-09 1.63e-09 0.000100496
7.94e-09 2.06e-09 0.000147364
1e-08 2.6e-09 0.000212159
1.26e-08 3.2e-09 0.000298475
1.58e-08 4.2e-09 0.000407676
2e-08 5.1e-09 0.000536424
2.51e-08 6.5e-09 0.000673394
3.16e-08 8.2e-09 0.000796781
3.98e-08 1.03e-08 0.000875384
5.01e-08 1.3e-08 0.000876769
6.31e-08 1.63e-08 0.000783365
7.94e-08 2.06e-08 0.00060979
1e-07 2.6e-08 0.000405975
1.26e-07 3.2e-08 0.000234183
1.58e-07 4.2e-08 0.000131152
2e-07 5.1e-08 9.10102e-05
2.51e-07 6.5e-08 8.45869e-05
3.16e-07 8.2e-08 8.85744e-05
3.98e-07 1.03e-07 9.38456e-05
5.01e-07 1.3e-07 9.85677e-05
6.31e-07 1.63e-07 0.0001026
7.94e-07 2.06e-07 0.000106003
1e-06 2.6e-07 0.000108856
1.26e-06 3.2e-07 0.000111242
1.58e-06 4.2e-07 0.00011324
2e-06 5.1e-07 0.000114919
2.51e-06 6.5e-07 0.000116339
3.16e-06 8.2e-07 0.000117552
3.98e-06 1.03e-06 0.000118599
5.01e-06 1.3e-06 0.000119513
6.31e-06 1.63e-06 0.000120322
7.94e-06 2.06e-06 0.000121047
1e-05 2.6e-06 0.000121705
1.26e-05 3.2e-06 0.000122311
1.58e-05 4.2e-06 0.000122874
2e-05 5.1e-06 0.000123404
2.51e-05 6.5e-06 0.000123909
3.16e-05 8.2e-06 0.000124394
3.98e-05 1.03e-05 0.000124866
5.01e-05 1.3e-05 0.000125328
6.31e-05 1.63e-05 0.000125785
7.94e-05 2.06e-05 0.000126242
0.0001 2.5897e-05 0.000126704
0.000125897 3.2591e-05 0.000127173
0.000158488 4.1041e-05 0.000127657
0.000199529 5.1662e-05 0.000128159
0.000251191 6.5038e-05 0.000128687
0.000316229 8.1881e-05 0.000129247
0.00039811 0.00010308 0.000129847
0.00050119 0.000129765 0.000130496
0.000630955 0.00016338 0.000131205
0.000794335 0.000205665 0.000131985
0.001 0.00025896 0.000132853
0.00125896 0.00032592 0.000133822
0.00158488 0.00041041 0.000134915
0.00199529 0.00051662 0.000136152
0.00251191 0.00065039 0.00013756
0.0031623 0.0008188 0.000139172
0.0039811 0.0010308 0.000141023
0.0050119 0.00129765 0.000143156
0.00630955 0.0016338 0.000145624
0.00794335 0.00205665 0.000148486
0.01 0.0025886 0.000151812
0.0125886 0.0032603 0.000155689
0.0158489 0.004104 0.000160216
0.0199529 0.0051663 0.000165511
0.0251192 0.0065037 0.000171716
0.0316229 0.0081881 0.000179
0.039811 0.010308 0.000187563
0.050119 0.0129765 0.000197641
0.0630955 0.016337 0.000209517
0.0794325 0.0205675 0.00022352
0.1 0.025886 0.000240028
0.125886 0.032602 0.00025949
0.158488 0.041041 0.00028238
0.199529 0.051662 0.000309207
0.251191 0.065038 0.000340467
0.316229 0.081881 0.000376566
0.39811 0.10308 0.000417686
0.50119 0.129775 0.000463602
0.630965 0.16336 0.0005134
0.794325 0.205675 0.000565178
1 0.25886 0.000615667
1.25886 0.32603 0.000660146
1.58489 0.4104 0.000692509
1.99529 0.51662 0.00070624
2.51191 0.65039 0.000696118
3.1623 0.8188 0.000660631
3.9811 1.0308 0.000604204
5.0119 1.29765 0.000537624
6.30955 1.6338 0.000475209
7.94335 2.05665 0.000429167
10 2.5897 0.00040437
12.5897 3.2592 0.000398086
15.8489 4.1039 0.00040546
19.9528 5.1663 0.000426212
25.1191 6.5038 0.000467
31.6229 8.1881 0.000538275
39.811 10.308 0.000647541
50.119 12.9765 0.000791391
63.0955 16.338 0.000950092
79.4335 20.5665 0.00108937
100 25.887 0.00117139
125.887 32.601 0.00116989
158.488 41.04 0.00108066
199.528 51.663 0.000921695
251.191 65.038 0.00072479
316.229 81.881 0.000525284
398.11 103.08 0.000353142
501.19 129.775 0.000224953
630.965 163.37 0.000140895
794.335 205.665 9.02859e-05
1000 258.86 6.05497e-05
1258.86 326.03 4.24164e-05
1584.89 410.39 3.05798e-05
1995.28 516.64 2.2357e-05
2511.92 650.38 1.64266e-05
3162.3 818.8 1.20793e-05
3981.1 1030.8 8.87715e-06
5011.9 1297.75 6.51791e-06
6309.65 1633.7 4.78172e-06
7943.35 2056.65 3.50555e-06
10000 2588.7 2.56872e-06
12588.7 3260.1 1.8811e-06
15848.8 4104 1.3771e-06
19952.8 5166.4 1.00786e-06
25119.2 6503.7 7.37442e-07
31622.9 8188.1 5.39466e-07
39811 10308 3.94573e-07
50119 12977.5 2.88552e-07
63096.5 16336 2.11002e-07
79432.5 20567.5 1.54274e-07
100000 25886 1.12796e-07
125886 32602 8.24521e-08
158488 41040 6.02698e-08
199528 51664 4.4054e-08
251192 65038 3.21997e-08
316230 81880 2.35339e-08
398110 103080 1.71997e-08
501190 129775 1.25697e-08
630965 163360 9.18602e-09
794325 205675 6.71283e-09
1e+06 1.15886e+07 4.90569e-09
1.25886e+07 3.2603e+06 3.58445e-09
1.58489e+07 4.104e+06 2.61908e-09
1.99529e+07 5.1662e+06 1.91371e-09
2.51191e+07 6.5039e+06 1.39828e-09
3.1623e+07 8.188e+06 1.02163e-09
3.9811e+07 1.0308e+07 7.46427e-10
5.0119e+07 1.29765e+07 5.45334e-10
