1e-09 2.6e-10 3.24141e-06
1.26e-09 3.2e-10 4.98868e-06
1.58e-09 4.2e-10 7.67597e-06
2e-09 5.1e-10 1.17928e-05
2.51e-09 6.5e-10 1.8067e-05
3.16e-09 8.2e-10 2.75604e-05
3.98e-09 1.03e-09 4.17857e-05
5.01e-09 1.3e-09 6.28311e-05
6.31e-09 1.63e-09 9.34438e-05
7.94e-09 2.06e-09 0.000137019
1e-08 2.6e-09 0.00019726
1.26e-08 3.2e-09 0.000277508
1.58e-08 4.2e-09 0.000379034
2e-08 5.1e-09 0.000498734
2.51e-08 6.5e-09 0.000626081
3.16e-08 8.2e-09 0.000740809
3.98e-08 1.03e-08 0.000813915
5.01e-08 1.3e-08 0.00081525
6.31e-08 1.63e-08 0.000728483
7.94e-08 2.06e-08 0.000567197
1e-07 2.6e-08 0.000377806
1.26e-07 3.2e-08 0.000218184
1.58e-07 4.2e-08 0.000122476
2e-07 5.1e-08 8.52243e-05
2.51e-07 6.5e-08 7.93106e-05
3.16e-07 8.2e-08 8.30687e-05
3.98e-07 1.03e-07 8.80139e-05
5.01e-07 1.3e-07 9.24427e-05
6.31e-07 1.63e-07 9.62246e-05
7.94e-07 2.06e-07 9.94162e-05
1e-06 2.6e-07 0.000102091
1.26e-06 3.2e-07 0.00010433
1.58e-06 4.2e-07 0.000106203
2e-06 5.1e-07 0.000107778
2.51e-06 6.5e-07 0.00010911
3.16e-06 8.2e-07 0.000110248
3.98e-06 1.03e-06 0.000111229
5.01e-06 1.3e-06 0.000112087
6.31e-06 1.63e-06 0.000112845
7.94e-06 2.06e-06 0.000113525
1e-05 2.6e-06 0.000114142
1.26e-05 3.2e-06 0.00011471
1.58e-05 4.2e-06 0.000115238
2e-05 5.1e-06 0.000115736
2.51e-05 6.5e-06 0.000116209
3.16e-05 8.2e-06 0.000116664
3.98e-05 1.03e-05 0.000117106
5.01e-05 1.3e-05 0.000117539
6.31e-05 1.63e-05 0.000117968
7.94e-05 2.06e-05 0.000118396
0.0001 2.5897e-05 0.000118828
0.000125897 3.2591e-05 0.000119268
0.000158488 4.1041e-05 0.000119721
0.000199529 5.1662e-05 0.000120192
0.000251191 6.5038e-05 0.000120686
0.000316229 8.1881e-05 0.00012121
0.00039811 0.00010308 0.000121771
0.00050119 0.000129765 0.000122378
0.000630955 0.00016338 0.000123041
0.000794335 0.000205665 0.00012377
0.001 0.00025896 0.00012458
0.00125896 0.00032592 0.000125486
0.00158488 0.00041041 0.000126505
0.00199529 0.00051662 0.000127659
0.00251191 0.00065039 0.000128973
0.0031623 0.0008188 0.000130475
0.0039811 0.0010308 0.0001322
0.0050119 0.00129765 0.000134186
0.00630955 0.0016338 0.000136483
0.00794335 0.00205665 0.000139144
0.01 0.0025886 0.000142236
0.0125886 0.0032603 0.000145837
0.0158489 0.004104 0.000150039
0.0199529 0.0051663 0.000154949
0.0251192 0.0065037 0.000160699
0.0316229 0.0081881 0.000167442
0.039811 0.010308 0.000175361
0.050119 0.0129765 0.000184673
0.0630955 0.016337 0.000195634
0.0794325 0.0205675 0.000208545
0.1 0.025886 0.00022375
0.125886 0.032602 0.000241659
0.158488 0.041041 0.000262706
0.199529 0.051662 0.00028736
0.251191 0.065038 0.000316086
0.316229 0.081881 0.000349272
0.39811 0.10308 0.000387121
0.50119 0.129775 0.000429481
0.630965 0.16336 0.000475594
0.794325 0.205675 0.000523813
1 0.25886 0.000571245
1.25886 0.32603 0.000613634
1.58489 0.4104 0.000645368
1.99529 0.51662 0.000660324
2.51191 0.65039 0.000653415
3.1623 0.8188 0.000622864
3.9811 1.0308 0.000572411
5.0119 1.29765 0.000511896
6.30955 1.6338 0.000454763
7.94335 2.05665 0.000412743
10 2.5897 0.00039074
12.5897 3.2592 0.000386372
15.8489 4.1039 0.000395126
19.9528 5.1663 0.00041687
25.1191 6.5038 0.00045825
31.6229 8.1881 0.0005297
39.811 10.308 0.00063881
50.119 12.9765 0.000782394
63.0955 16.338 0.000941015
79.4335 20.5665 0.00108064
100 25.887 0.00116355
125.887 32.601 0.00116336
158.488 41.04 0.00107563
199.528 51.663 0.000918127
251.191 65.038 0.000722458
316.229 81.881 0.000523881
398.11 103.08 0.00035236
501.19 129.775 0.000224539
630.965 163.37 0.000140681
794.335 205.665 9.0172e-05
1000 258.86 6.04865e-05
1258.86 326.03 4.23798e-05
1584.89 410.39 3.0558e-05
1995.28 516.64 2.23438e-05
2511.92 650.38 1.64186e-05
3162.3 818.8 1.20744e-05
3981.1 1030.8 8.87418e-06
5011.9 1297.75 6.51611e-06
6309.65 1633.7 4.78063e-06
7943.35 2056.65 3.50489e-06
10000 2588.7 2.56832e-06
12588.7 3260.1 1.88086e-06
15848.8 4104 1.37695e-06
19952.8 5166.4 1.00777e-06
25119.2 6503.7 7.37388e-07
31622.9 8188.1 5.39433e-07
39811 10308 3.94553e-07
50119 12977.5 2.88541e-07
63096.5 16336 2.10994e-07
79432.5 20567.5 1.5427e-07
100000 25886 1.12793e-07
125886 32602 8.24505e-08
158488 41040 6.02689e-08
199528 51664 4.40535e-08
251192 65038 3.21993e-08
316230 81880 2.35337e-08
398110 103080 1.71995e-08
501190 129775 1.25696e-08
630965 163360 9.18597e-09
794325 205675 6.71281e-09
1e+06 1.15886e+07 4.90567e-09
1.25886e+07 3.2603e+06 3.58444e-09
1.58489e+07 4.104e+06 2.61908e-09
1.99529e+07 5.1662e+06 1.91371e-09
2.51191e+07 6.5039e+06 1.39827e-09
3.1623e+07 8.188e+06 1.02163e-09
3.9811e+07 1.0308e+07 7.46426e-10
5.0119e+07 1.29765e+07 5.45334e-10
