1e-09 2.6e-10 4.06659e-06
1.26e-09 3.2e-10 6.23485e-06
1.58e-09 4.2e-10 9.56188e-06
2e-09 5.1e-10 1.46488e-05
2.51e-09 6.5e-10 2.23885e-05
3.16e-09 8.2e-10 3.40835e-05
3.98e-09 1.03e-09 5.15876e-05
5.01e-09 1.3e-09 7.746e-05
6.31e-09 1.63e-09 0.000115066
7.94e-09 2.06e-09 0.000168566
1e-08 2.6e-09 0.0002425
1.26e-08 3.2e-09 0.000340966
1.58e-08 4.2e-09 0.00046554
2e-08 5.1e-09 0.000612457
2.51e-08 6.5e-09 0.00076889
3.16e-08 8.2e-09 0.000910117
3.98e-08 1.03e-08 0.00100074
5.01e-08 1.3e-08 0.00100395
6.31e-08 1.63e-08 0.000899796
7.94e-08 2.06e-08 0.000704825
1e-07 2.6e-08 0.000475651
1.26e-07 3.2e-08 0.000282869
1.58e-07 4.2e-08 0.000168098
2e-07 5.1e-08 0.000124603
2.51e-07 6.5e-08 0.000119221
3.16e-07 8.2e-08 0.000125463
3.98e-07 1.03e-07 0.00013295
5.01e-07 1.3e-07 0.000139603
6.31e-07 1.63e-07 0.000145274
7.94e-07 2.06e-07 0.000150051
1e-06 2.6e-07 0.000154045
1.26e-06 3.2e-07 0.000157379
1.58e-06 4.2e-07 0.00016016
2e-06 5.1e-07 0.00016249
2.51e-06 6.5e-07 0.000164452
3.16e-06 8.2e-07 0.00016612
3.98e-06 1.03e-06 0.000167553
5.01e-06 1.3e-06 0.000168797
6.31e-06 1.63e-06 0.000169892
7.94e-06 2.06e-06 0.000170868
1e-05 2.6e-06 0.000171748
1.26e-05 3.2e-06 0.000172554
1.58e-05 4.2e-06 0.000173301
2e-05 5.1e-06 0.000174
2.51e-05 6.5e-06 0.000174663
3.16e-05 8.2e-06 0.000175297
3.98e-05 1.03e-05 0.000175912
5.01e-05 1.3e-05 0.000176513
6.31e-05 1.63e-05 0.000177107
7.94e-05 2.06e-05 0.0001777
0.0001 2.5897e-05 0.000178299
0.000125897 3.2591e-05 0.000178908
0.000158488 4.1041e-05 0.000179537
0.000199529 5.1662e-05 0.000180191
0.000251191 6.5038e-05 0.000180881
0.000316229 8.1881e-05 0.000181614
0.00039811 0.00010308 0.000182403
0.00050119 0.000129765 0.00018326
0.000630955 0.00016338 0.0001842
0.000794335 0.000205665 0.000185239
0.001 0.00025896 0.000186398
0.00125896 0.00032592 0.000187698
0.00158488 0.00041041 0.000189168
0.00199529 0.00051662 0.000190838
0.00251191 0.00065039 0.000192746
0.0031623 0.0008188 0.000194934
0.0039811 0.0010308 0.000197452
0.0050119 0.00129765 0.00020036
0.00630955 0.0016338 0.000203728
0.00794335 0.00205665 0.000207637
0.01 0.0025886 0.000212183
0.0125886 0.0032603 0.000217483
0.0158489 0.004104 0.000223668
0.0199529 0.0051663 0.000230895
0.0251192 0.0065037 0.000239348
0.0316229 0.0081881 0.000249246
0.039811 0.010308 0.000260839
0.050119 0.0129765 0.000274417
0.0630955 0.016337 0.000290313
0.0794325 0.0205675 0.000308899
0.1 0.025886 0.00033057
0.125886 0.032602 0.000355767
0.158488 0.041041 0.000384882
0.199529 0.051662 0.000418256
0.251191 0.065038 0.000456083
0.316229 0.081881 0.000498286
0.39811 0.10308 0.000544354
0.50119 0.129775 0.000593136
0.630965 0.16336 0.000642596
0.794325 0.205675 0.000689637
1 0.25886 0.00072996
1.25886 0.32603 0.000758291
1.58489 0.4104 0.000768873
1.99529 0.51662 0.000756705
2.51191 0.65039 0.000719223
3.1623 0.8188 0.000658188
3.9811 1.0308 0.000580884
5.0119 1.29765 0.00049938
6.30955 1.6338 0.000427146
7.94335 2.05665 0.000374025
10 2.5897 0.000342486
12.5897 3.2592 0.000328542
15.8489 4.1039 0.000327016
19.9528 5.1663 0.000337013
25.1191 6.5038 0.000363365
31.6229 8.1881 0.000413757
39.811 10.308 0.000493371
50.119 12.9765 0.000598931
63.0955 16.338 0.000714929
79.4335 20.5665 0.000815356
100 25.887 0.000872198
125.887 32.601 0.000866626
158.488 41.04 0.000796395
199.528 51.663 0.000675444
251.191 65.038 0.000527429
316.229 81.881 0.000378489
398.11 103.08 0.00025091
501.19 129.775 0.000156927
630.965 163.37 9.6251e-05
794.335 205.665 6.04567e-05
1000 258.86 3.99329e-05
1258.86 326.03 2.77251e-05
1584.89 410.39 1.99128e-05
1995.28 516.64 1.45498e-05
2511.92 650.38 1.07022e-05
3162.3 818.8 7.88556e-06
3981.1 1030.8 5.80958e-06
5011.9 1297.75 4.2776e-06
6309.65 1633.7 3.14778e-06
7943.35 2056.65 2.31524e-06
10000 2588.7 1.7024e-06
12588.7 3260.1 1.25124e-06
15848.8 4104 9.19509e-07
19952.8 5166.4 6.75658e-07
25119.2 6503.7 4.96441e-07
31622.9 8188.1 3.64748e-07
39811 10308 2.67993e-07
50119 12977.5 1.9691e-07
63096.5 16336 1.44696e-07
79432.5 20567.5 1.06335e-07
100000 25886 7.81583e-08
125886 32602 5.74482e-08
158488 41040 4.22339e-08
199528 51664 3.10551e-08
251192 65038 2.28395e-08
316230 81880 1.68006e-08
398110 103080 1.23612e-08
501190 129775 9.09684e-09
630965 163360 6.69641e-09
794325 205675 4.93058e-09
1e+06 1.15886e+07 3.63164e-09
1.25886e+07 3.2603e+06 2.67532e-09
1.58489e+07 4.104e+06 1.97151e-09
1.99529e+07 5.1662e+06 1.45336e-09
2.51191e+07 6.5039e+06 1.07176e-09
3.1623e+07 8.188e+06 7.90621e-10
3.9811e+07 1.0308e+07 5.83448e-10
5.0119e+07 1.29765e+07 4.30723e-10
