1e-09 2.6e-10 8.77576e-06
1.26e-09 3.2e-10 1.33805e-05
1.58e-09 4.2e-10 2.04214e-05
2e-09 5.1e-10 3.11545e-05
2.51e-09 6.5e-10 4.74438e-05
3.16e-09 8.2e-10 7.20053e-05
3.98e-09 1.03e-09 0.000108703
5.01e-09 1.3e-09 0.000162866
6.31e-09 1.63e-09 0.000241505
7.94e-09 2.06e-09 0.000353281
1e-08 2.6e-09 0.000507654
1.26e-08 3.2e-09 0.000713185
1.58e-08 4.2e-09 0.000973216
2e-08 5.1e-09 0.00128004
2.51e-08 6.5e-09 0.00160719
3.16e-08 8.2e-09 0.00190354
3.98e-08 1.03e-08 0.00209587
5.01e-08 1.3e-08 0.00210798
6.31e-08 1.63e-08 0.00189848
7.94e-08 2.06e-08 0.00150156
1e-07 2.6e-08 0.00103423
1.26e-07 3.2e-08 0.000642456
1.58e-07 4.2e-08 0.000412152
2e-07 5.1e-08 0.000329141
2.51e-07 6.5e-08 0.000324563
3.16e-07 8.2e-08 0.000343438
3.98e-07 1.03e-07 0.000364216
5.01e-07 1.3e-07 0.00038258
6.31e-07 1.63e-07 0.000398257
7.94e-07 2.06e-07 0.000411492
1e-06 2.6e-07 0.000422592
1.26e-06 3.2e-07 0.000431884
1.58e-06 4.2e-07 0.000439667
2e-06 5.1e-07 0.000446214
2.51e-06 6.5e-07 0.000451758
3.16e-06 8.2e-07 0.000456495
3.98e-06 1.03e-06 0.000460588
5.01e-06 1.3e-06 0.000464166
6.31e-06 1.63e-06 0.000467334
7.94e-06 2.06e-06 0.000470177
1e-05 2.6e-06 0.000472759
1.26e-05 3.2e-06 0.000475137
1.58e-05 4.2e-06 0.00047735
2e-05 5.1e-06 0.000479435
2.51e-05 6.5e-06 0.000481418
3.16e-05 8.2e-06 0.000483325
3.98e-05 1.03e-05 0.000485175
5.01e-05 1.3e-05 0.000486987
6.31e-05 1.63e-05 0.000488778
7.94e-05 2.06e-05 0.000490564
0.0001 2.5897e-05 0.000492362
0.000125897 3.2591e-05 0.000494188
0.000158488 4.1041e-05 0.000496061
0.000199529 5.1662e-05 0.000498
0.000251191 6.5038e-05 0.000500029
0.000316229 8.1881e-05 0.000502172
0.00039811 0.00010308 0.000504457
0.00050119 0.000129765 0.000506917
0.000630955 0.00016338 0.00050959
0.000794335 0.000205665 0.000512519
0.001 0.00025896 0.000515756
0.00125896 0.00032592 0.000519356
0.00158488 0.00041041 0.000523391
0.00199529 0.00051662 0.000527937
0.00251191 0.00065039 0.000533087
0.0031623 0.0008188 0.000538948
0.0039811 0.0010308 0.000545645
0.0050119 0.00129765 0.000553323
0.00630955 0.0016338 0.000562153
0.00794335 0.00205665 0.000572331
0.01 0.0025886 0.000584084
0.0125886 0.0032603 0.000597689
0.0158489 0.004104 0.00061345
0.0199529 0.0051663 0.000631726
0.0251192 0.0065037 0.000652932
0.0316229 0.0081881 0.000677545
0.039811 0.010308 0.000706105
0.050119 0.0129765 0.000739215
0.0630955 0.016337 0.000777548
0.0794325 0.0205675 0.00082182
0.1 0.025886 0.000872751
0.125886 0.032602 0.000931095
0.158488 0.041041 0.000997422
0.199529 0.051662 0.0010721
0.251191 0.065038 0.00115508
0.316229 0.081881 0.00124565
0.39811 0.10308 0.0013421
0.50119 0.129775 0.00144131
0.630965 0.16336 0.00153839
0.794325 0.205675 0.00162634
1 0.25886 0.00169597
1.25886 0.32603 0.00173645
1.58489 0.4104 0.00173655
1.99529 0.51662 0.0016872
2.51191 0.65039 0.00158491
3.1623 0.8188 0.0014354
3.9811 1.0308 0.00125567
5.0119 1.29765 0.00107193
6.30955 1.6338 0.000912299
7.94335 2.05665 0.000796419
10 2.5897 0.000728184
12.5897 3.2592 0.000698179
15.8489 4.1039 0.000694824
19.9528 5.1663 0.000715571
25.1191 6.5038 0.000769591
31.6229 8.1881 0.000871771
39.811 10.308 0.00103191
50.119 12.9765 0.00124295
63.0955 16.338 0.00147368
79.4335 20.5665 0.00167242
100 25.887 0.00178391
125.887 32.601 0.00177139
158.488 41.04 0.00163065
199.528 51.663 0.00138879
251.191 65.038 0.00109165
316.229 81.881 0.000790608
398.11 103.08 0.000530847
501.19 129.775 0.000338012
630.965 163.37 0.000212107
794.335 205.665 0.000136405
1000 258.86 9.17693e-05
1258.86 326.03 6.43792e-05
1584.89 410.39 4.6408e-05
1995.28 516.64 3.38961e-05
2511.92 650.38 2.48728e-05
3162.3 818.8 1.82653e-05
3981.1 1030.8 1.3405e-05
5011.9 1297.75 9.82907e-06
6309.65 1633.7 7.20102e-06
7943.35 2056.65 5.27188e-06
10000 2588.7 3.85762e-06
12588.7 3260.1 2.821e-06
15848.8 4104 2.06223e-06
19952.8 5166.4 1.50712e-06
25119.2 6503.7 1.10116e-06
31622.9 8188.1 8.04379e-07
39811 10308 5.87484e-07
50119 12977.5 4.29007e-07
63096.5 16336 3.13253e-07
79432.5 20567.5 2.28704e-07
100000 25886 1.66972e-07
125886 32602 1.21878e-07
158488 41040 8.89596e-08
199528 51664 6.49307e-08
251192 65038 4.73901e-08
316230 81880 3.45861e-08
398110 103080 2.52406e-08
501190 129775 1.84194e-08
630965 163360 1.34416e-08
794325 205675 9.80849e-09
1e+06 1.15886e+07 7.15763e-09
1.25886e+07 3.2603e+06 5.22232e-09
1.58489e+07 4.104e+06 3.81034e-09
1.99529e+07 5.1662e+06 2.78012e-09
2.51191e+07 6.5039e+06 2.0284e-09
3.1623e+07 8.188e+06 1.47989e-09
3.9811e+07 1.0308e+07 1.07968e-09
5.0119e+07 1.29765e+07 7.87666e-10
