1e-09 2.6e-10 4.07494e-06
1.26e-09 3.2e-10 6.27006e-06
1.58e-09 4.2e-10 9.64564e-06
2e-09 5.1e-10 1.48163e-05
2.51e-09 6.5e-10 2.26957e-05
3.16e-09 8.2e-10 3.46171e-05
3.98e-09 1.03e-09 5.24792e-05
5.01e-09 1.3e-09 7.89035e-05
6.31e-09 1.63e-09 0.000117339
7.94e-09 2.06e-09 0.000172046
1e-08 2.6e-09 0.000247677
1.26e-08 3.2e-09 0.000348424
1.58e-08 4.2e-09 0.000475884
2e-08 5.1e-09 0.000626163
2.51e-08 6.5e-09 0.000786052
3.16e-08 8.2e-09 0.000930115
3.98e-08 1.03e-08 0.00102195
5.01e-08 1.3e-08 0.00102373
6.31e-08 1.63e-08 0.000914949
7.94e-08 2.06e-08 0.000712652
1e-07 2.6e-08 0.00047509
1.26e-07 3.2e-08 0.000274891
1.58e-07 4.2e-08 0.000154908
2e-07 5.1e-08 0.000108286
2.51e-07 6.5e-08 0.000100984
3.16e-07 8.2e-08 0.00010581
3.98e-07 1.03e-07 0.000112112
5.01e-07 1.3e-07 0.000117754
6.31e-07 1.63e-07 0.000122572
7.94e-07 2.06e-07 0.000126637
1e-06 2.6e-07 0.000130045
1.26e-06 3.2e-07 0.000132896
1.58e-06 4.2e-07 0.000135282
2e-06 5.1e-07 0.000137288
2.51e-06 6.5e-07 0.000138985
3.16e-06 8.2e-07 0.000140434
3.98e-06 1.03e-06 0.000141685
5.01e-06 1.3e-06 0.000142777
6.31e-06 1.63e-06 0.000143743
7.94e-06 2.06e-06 0.000144609
1e-05 2.6e-06 0.000145395
1.26e-05 3.2e-06 0.000146118
1.58e-05 4.2e-06 0.000146791
2e-05 5.1e-06 0.000147424
2.51e-05 6.5e-06 0.000148027
3.16e-05 8.2e-06 0.000148606
3.98e-05 1.03e-05 0.000149169
5.01e-05 1.3e-05 0.00014972
6.31e-05 1.63e-05 0.000150266
7.94e-05 2.06e-05 0.000150811
0.0001 2.5897e-05 0.000151361
0.000125897 3.2591e-05 0.000151921
0.000158488 4.1041e-05 0.000152497
0.000199529 5.1662e-05 0.000153095
0.000251191 6.5038e-05 0.000153724
0.000316229 8.1881e-05 0.00015439
0.00039811 0.00010308 0.000155103
0.00050119 0.000129765 0.000155875
0.000630955 0.00016338 0.000156717
0.000794335 0.000205665 0.000157644
0.001 0.00025896 0.000158674
0.00125896 0.00032592 0.000159824
0.00158488 0.00041041 0.000161119
0.00199529 0.00051662 0.000162586
0.00251191 0.00065039 0.000164254
0.0031623 0.0008188 0.000166162
0.0039811 0.0010308 0.000168353
0.0050119 0.00129765 0.000170877
0.00630955 0.0016338 0.000173794
0.00794335 0.00205665 0.000177175
0.01 0.0025886 0.000181103
0.0125886 0.0032603 0.000185678
0.0158489 0.004104 0.000191015
0.0199529 0.0051663 0.000197254
0.0251192 0.0065037 0.000204558
0.0316229 0.0081881 0.000213125
0.039811 0.010308 0.000223186
0.050119 0.0129765 0.000235017
0.0630955 0.016337 0.000248942
0.0794325 0.0205675 0.000265345
0.1 0.025886 0.000284661
0.125886 0.032602 0.000307413
0.158488 0.041041 0.000334149
0.199529 0.051662 0.000365466
0.251191 0.065038 0.000401951
0.316229 0.081881 0.000444099
0.39811 0.10308 0.000492162
0.50119 0.129775 0.000545947
0.630965 0.16336 0.000604486
0.794325 0.205675 0.000665686
1 0.25886 0.00072587
1.25886 0.32603 0.000779633
1.58489 0.4104 0.000819852
1.99529 0.51662 0.000838761
2.51191 0.65039 0.000829914
3.1623 0.8188 0.000791075
3.9811 1.0308 0.000727012
5.0119 1.29765 0.000650234
6.30955 1.6338 0.000577809
7.94335 2.05665 0.000524624
10 2.5897 0.000496888
12.5897 3.2592 0.000491554
15.8489 4.1039 0.000502862
19.9528 5.1663 0.000530575
25.1191 6.5038 0.000583011
31.6229 8.1881 0.000673228
39.811 10.308 0.00081064
50.119 12.9765 0.000991027
63.0955 16.338 0.00118974
79.4335 20.5665 0.00136403
100 25.887 0.0014669
125.887 32.601 0.00146601
158.488 41.04 0.00135627
199.528 51.663 0.00115934
251.191 65.038 0.000913239
316.229 81.881 0.000661481
398.11 103.08 0.000443105
501.19 129.775 0.000280813
630.965 163.37 0.000175132
794.335 205.665 0.000111966
1000 258.86 7.50308e-05
1258.86 326.03 5.25599e-05
1584.89 410.39 3.79061e-05
1995.28 516.64 2.77301e-05
2511.92 650.38 2.03906e-05
3162.3 818.8 1.50078e-05
3981.1 1030.8 1.10399e-05
5011.9 1297.75 8.1137e-06
6309.65 1633.7 5.95807e-06
7943.35 2056.65 4.37197e-06
10000 2588.7 3.20645e-06
12588.7 3260.1 2.35016e-06
15848.8 4104 1.72194e-06
19952.8 5166.4 1.26128e-06
25119.2 6503.7 9.23621e-07
31622.9 8188.1 6.76208e-07
39811 10308 4.94985e-07
50119 12977.5 3.62272e-07
63096.5 16336 2.65118e-07
79432.5 20567.5 1.93995e-07
100000 25886 1.41949e-07
125886 32602 1.03845e-07
158488 41040 7.59674e-08
199528 51664 5.5572e-08
251192 65038 4.06505e-08
316230 81880 2.9734e-08
398110 103080 2.17483e-08
501190 129775 1.59065e-08
630965 163360 1.16339e-08
794325 205675 8.50843e-09
1e+06 1.15886e+07 6.22289e-09
1.25886e+07 3.2603e+06 4.55054e-09
1.58489e+07 4.104e+06 3.32766e-09
1.99529e+07 5.1662e+06 2.43342e-09
2.51191e+07 6.5039e+06 1.77945e-09
3.1623e+07 8.188e+06 1.30118e-09
3.9811e+07 1.0308e+07 9.51444e-10
5.0119e+07 1.29765e+07 6.95685e-10
