1e-09 2.6e-10 5.14287e-06
1.26e-09 3.2e-10 7.91449e-06
1.58e-09 4.2e-10 1.2177e-05
2e-09 5.1e-10 1.87067e-05
2.51e-09 6.5e-10 2.86578e-05
3.16e-09 8.2e-10 4.37143e-05
3.98e-09 1.03e-09 6.62748e-05
5.01e-09 1.3e-09 9.9651e-05
6.31e-09 1.63e-09 0.000148199
7.94e-09 2.06e-09 0.000217303
1e-08 2.6e-09 0.000312837
1.26e-08 3.2e-09 0.000440099
1.58e-08 4.2e-09 0.000601104
2e-08 5.1e-09 0.000790931
2.51e-08 6.5e-09 0.000992892
3.16e-08 8.2e-09 0.00117485
3.98e-08 1.03e-08 0.00129082
5.01e-08 1.3e-08 0.001293
6.31e-08 1.63e-08 0.00115548
7.94e-08 2.06e-08 0.000899819
1e-07 2.6e-08 0.000599595
1.26e-07 3.2e-08 0.000346577
1.58e-07 4.2e-08 0.000194906
2e-07 5.1e-08 0.000135922
2.51e-07 6.5e-08 0.000126625
3.16e-07 8.2e-08 0.000132658
3.98e-07 1.03e-07 0.000140566
5.01e-07 1.3e-07 0.000147649
6.31e-07 1.63e-07 0.000153699
7.94e-07 2.06e-07 0.000158807
1e-06 2.6e-07 0.000163091
1.26e-06 3.2e-07 0.000166678
1.58e-06 4.2e-07 0.000169682
2e-06 5.1e-07 0.000172209
2.51e-06 6.5e-07 0.000174349
3.16e-06 8.2e-07 0.000176178
3.98e-06 1.03e-06 0.000177758
5.01e-06 1.3e-06 0.00017914
6.31e-06 1.63e-06 0.000180363
7.94e-06 2.06e-06 0.000181461
1e-05 2.6e-06 0.00018246
1.26e-05 3.2e-06 0.000183379
1.58e-05 4.2e-06 0.000184235
2e-05 5.1e-06 0.000185042
2.51e-05 6.5e-06 0.000185811
3.16e-05 8.2e-06 0.00018655
3.98e-05 1.03e-05 0.000187269
5.01e-05 1.3e-05 0.000187973
6.31e-05 1.63e-05 0.000188671
7.94e-05 2.06e-05 0.000189368
0.0001 2.5897e-05 0.000190071
0.000125897 3.2591e-05 0.000190787
0.000158488 4.1041e-05 0.000191524
0.000199529 5.1662e-05 0.000192289
0.000251191 6.5038e-05 0.000193092
0.000316229 8.1881e-05 0.000193942
0.00039811 0.00010308 0.000194853
0.00050119 0.000129765 0.000195838
0.000630955 0.00016338 0.000196911
0.000794335 0.000205665 0.000198093
0.001 0.00025896 0.000199404
0.00125896 0.00032592 0.000200868
0.00158488 0.00041041 0.000202516
0.00199529 0.00051662 0.000204381
0.00251191 0.00065039 0.000206503
0.0031623 0.0008188 0.000208929
0.0039811 0.0010308 0.000211713
0.0050119 0.00129765 0.000214922
0.00630955 0.0016338 0.000218631
0.00794335 0.00205665 0.000222931
0.01 0.0025886 0.000227927
0.0125886 0.0032603 0.000233749
0.0158489 0.004104 0.000240545
0.0199529 0.0051663 0.000248494
0.0251192 0.0065037 0.000257808
0.0316229 0.0081881 0.00026874
0.039811 0.010308 0.000281589
0.050119 0.0129765 0.000296713
0.0630955 0.016337 0.000314533
0.0794325 0.0205675 0.000335545
0.1 0.025886 0.000360312
0.125886 0.032602 0.00038951
0.158488 0.041041 0.000423846
0.199529 0.051662 0.000464079
0.251191 0.065038 0.000510949
0.316229 0.081881 0.000565051
0.39811 0.10308 0.000626646
0.50119 0.129775 0.000695373
0.630965 0.16336 0.000769836
0.794325 0.205675 0.000847151
1 0.25886 0.000922394
1.25886 0.32603 0.000988478
1.58489 0.4104 0.00103628
1.99529 0.51662 0.0010561
2.51191 0.65039 0.00104023
3.1623 0.8188 0.000986571
3.9811 1.0308 0.000901868
5.0119 1.29765 0.000802323
6.30955 1.6338 0.000709312
7.94335 2.05665 0.00064098
10 2.5897 0.000604491
12.5897 3.2592 0.000595688
15.8489 4.1039 0.00060724
19.9528 5.1663 0.000638554
25.1191 6.5038 0.000699214
31.6229 8.1881 0.000804328
39.811 10.308 0.000964624
50.119 12.9765 0.00117486
63.0955 16.338 0.00140603
79.4335 20.5665 0.00160823
100 25.887 0.00172678
125.887 32.601 0.00172413
158.488 41.04 0.00159446
199.528 51.663 0.00136318
251.191 65.038 0.00107493
316.229 81.881 0.000780566
398.11 103.08 0.000525257
501.19 129.775 0.000335063
630.965 163.37 0.000210575
794.335 205.665 0.000135589
1000 258.86 9.1315e-05
1258.86 326.03 6.41155e-05
1584.89 410.39 4.62508e-05
1995.28 516.64 3.38011e-05
2511.92 650.38 2.48151e-05
3162.3 818.8 1.82303e-05
3981.1 1030.8 1.33838e-05
5011.9 1297.75 9.8162e-06
6309.65 1633.7 7.19323e-06
7943.35 2056.65 5.26717e-06
10000 2588.7 3.85477e-06
12588.7 3260.1 2.81927e-06
15848.8 4104 2.06119e-06
19952.8 5166.4 1.50649e-06
25119.2 6503.7 1.10078e-06
31622.9 8188.1 8.0415e-07
39811 10308 5.87345e-07
50119 12977.5 4.28923e-07
63096.5 16336 3.13203e-07
79432.5 20567.5 2.28674e-07
100000 25886 1.66954e-07
125886 32602 1.21866e-07
158488 41040 8.8953e-08
199528 51664 6.49267e-08
251192 65038 4.73877e-08
316230 81880 3.45847e-08
398110 103080 2.52397e-08
501190 129775 1.84189e-08
630965 163360 1.34413e-08
794325 205675 9.80829e-09
1e+06 1.15886e+07 7.15751e-09
1.25886e+07 3.2603e+06 5.22225e-09
1.58489e+07 4.104e+06 3.8103e-09
1.99529e+07 5.1662e+06 2.78009e-09
2.51191e+07 6.5039e+06 2.02838e-09
3.1623e+07 8.188e+06 1.47988e-09
3.9811e+07 1.0308e+07 1.07967e-09
5.0119e+07 1.29765e+07 7.87662e-10
