1e-09 2.6e-10 4.89905e-06
1.26e-09 3.2e-10 7.53843e-06
1.58e-09 4.2e-10 1.15973e-05
2e-09 5.1e-10 1.78147e-05
2.51e-09 6.5e-10 2.72894e-05
3.16e-09 8.2e-10 4.16245e-05
3.98e-09 1.03e-09 6.31034e-05
5.01e-09 1.3e-09 9.48787e-05
6.31e-09 1.63e-09 0.000141097
7.94e-09 2.06e-09 0.000206884
1e-08 2.6e-09 0.000297831
1.26e-08 3.2e-09 0.000418981
1.58e-08 4.2e-09 0.000572255
2e-08 5.1e-09 0.000752968
2.51e-08 6.5e-09 0.000945237
3.16e-08 8.2e-09 0.00111847
3.98e-08 1.03e-08 0.00122891
5.01e-08 1.3e-08 0.00123104
6.31e-08 1.63e-08 0.00110021
7.94e-08 2.06e-08 0.000856933
1e-07 2.6e-08 0.000571243
1.26e-07 3.2e-08 0.000330488
1.58e-07 4.2e-08 0.000186197
2e-07 5.1e-08 0.000130128
2.51e-07 6.5e-08 0.000121347
3.16e-07 8.2e-08 0.000127151
3.98e-07 1.03e-07 0.000134733
5.01e-07 1.3e-07 0.000141522
6.31e-07 1.63e-07 0.000147321
7.94e-07 2.06e-07 0.000152217
1e-06 2.6e-07 0.000156324
1.26e-06 3.2e-07 0.000159761
1.58e-06 4.2e-07 0.000162641
2e-06 5.1e-07 0.000165063
2.51e-06 6.5e-07 0.000167114
3.16e-06 8.2e-07 0.000168867
3.98e-06 1.03e-06 0.000170381
5.01e-06 1.3e-06 0.000171706
6.31e-06 1.63e-06 0.000172879
7.94e-06 2.06e-06 0.000173931
1e-05 2.6e-06 0.000174888
1.26e-05 3.2e-06 0.000175769
1.58e-05 4.2e-06 0.00017659
2e-05 5.1e-06 0.000177363
2.51e-05 6.5e-06 0.0001781
3.16e-05 8.2e-06 0.000178808
3.98e-05 1.03e-05 0.000179497
5.01e-05 1.3e-05 0.000180172
6.31e-05 1.63e-05 0.00018084
7.94e-05 2.06e-05 0.000181508
0.0001 2.5897e-05 0.000182182
0.000125897 3.2591e-05 0.000182868
0.000158488 4.1041e-05 0.000183573
0.000199529 5.1662e-05 0.000184306
0.000251191 6.5038e-05 0.000185074
0.000316229 8.1881e-05 0.000185889
0.00039811 0.00010308 0.00018676
0.00050119 0.000129765 0.000187702
0.000630955 0.00016338 0.000188729
0.000794335 0.000205665 0.000189859
0.001 0.00025896 0.000191112
0.00125896 0.00032592 0.000192512
0.00158488 0.00041041 0.000194086
0.00199529 0.00051662 0.000195868
0.00251191 0.00065039 0.000197894
0.0031623 0.0008188 0.00020021
0.0039811 0.0010308 0.000202867
0.0050119 0.00129765 0.000205928
0.00630955 0.0016338 0.000209466
0.00794335 0.00205665 0.000213564
0.01 0.0025886 0.000218324
0.0125886 0.0032603 0.00022387
0.0158489 0.004104 0.00023034
0.0199529 0.0051663 0.000237902
0.0251192 0.0065037 0.000246759
0.0316229 0.0081881 0.000257148
0.039811 0.010308 0.000269353
0.050119 0.0129765 0.000283708
0.0630955 0.016337 0.000300612
0.0794325 0.0205675 0.00032053
0.1 0.025886 0.000343993
0.125886 0.032602 0.000371639
0.158488 0.041041 0.000404134
0.199529 0.051662 0.000442203
0.251191 0.065038 0.000486553
0.316229 0.081881 0.00053777
0.39811 0.10308 0.000596136
0.50119 0.129775 0.000661372
0.630965 0.16336 0.000732243
0.794325 0.205675 0.000806126
1 0.25886 0.000878471
1.25886 0.32603 0.000942647
1.58489 0.4104 0.000990001
1.99529 0.51662 0.00101121
2.51191 0.65039 0.00099866
3.1623 0.8188 0.00094996
3.9811 1.0308 0.000871172
5.0119 1.29765 0.000777574
6.30955 1.6338 0.000689704
7.94335 2.05665 0.000625267
10 2.5897 0.000591477
12.5897 3.2592 0.00058452
15.8489 4.1039 0.000597403
19.9528 5.1663 0.000629675
25.1191 6.5038 0.000690918
31.6229 8.1881 0.000796226
39.811 10.308 0.00095641
50.119 12.9765 0.00116643
63.0955 16.338 0.00139757
79.4335 20.5665 0.00160012
100 25.887 0.00171951
125.887 32.601 0.00171807
158.488 41.04 0.00158979
199.528 51.663 0.00135986
251.191 65.038 0.00107276
316.229 81.881 0.000779256
398.11 103.08 0.000524526
501.19 129.775 0.000334676
630.965 163.37 0.000210373
794.335 205.665 0.000135482
1000 258.86 9.12552e-05
1258.86 326.03 6.40807e-05
1584.89 410.39 4.623e-05
1995.28 516.64 3.37885e-05
2511.92 650.38 2.48075e-05
3162.3 818.8 1.82257e-05
3981.1 1030.8 1.3381e-05
5011.9 1297.75 9.81449e-06
6309.65 1633.7 7.19219e-06
7943.35 2056.65 5.26654e-06
10000 2588.7 3.85439e-06
12588.7 3260.1 2.81904e-06
15848.8 4104 2.06105e-06
19952.8 5166.4 1.50641e-06
25119.2 6503.7 1.10073e-06
31622.9 8188.1 8.04119e-07
39811 10308 5.87327e-07
50119 12977.5 4.28912e-07
63096.5 16336 3.13196e-07
79432.5 20567.5 2.2867e-07
100000 25886 1.66951e-07
125886 32602 1.21865e-07
158488 41040 8.89521e-08
199528 51664 6.49261e-08
251192 65038 4.73873e-08
316230 81880 3.45845e-08
398110 103080 2.52396e-08
501190 129775 1.84188e-08
630965 163360 1.34412e-08
794325 205675 9.80827e-09
1e+06 1.15886e+07 7.1575e-09
1.25886e+07 3.2603e+06 5.22224e-09
1.58489e+07 4.104e+06 3.81029e-09
1.99529e+07 5.1662e+06 2.78009e-09
2.51191e+07 6.5039e+06 2.02838e-09
3.1623e+07 8.188e+06 1.47988e-09
3.9811e+07 1.0308e+07 1.07967e-09
5.0119e+07 1.29765e+07 7.87662e-10
