1e-09 2.6e-10 4.60038e-06
1.26e-09 3.2e-10 7.07846e-06
1.58e-09 4.2e-10 1.08891e-05
2e-09 5.1e-10 1.67262e-05
2.51e-09 6.5e-10 2.56211e-05
3.16e-09 8.2e-10 3.90787e-05
3.98e-09 1.03e-09 5.92425e-05
5.01e-09 1.3e-09 8.90717e-05
6.31e-09 1.63e-09 0.000132459
7.94e-09 2.06e-09 0.000194216
1e-08 2.6e-09 0.000279591
1.26e-08 3.2e-09 0.000393318
1.58e-08 4.2e-09 0.000537201
2e-08 5.1e-09 0.000706842
2.51e-08 6.5e-09 0.000887335
3.16e-08 8.2e-09 0.00104997
3.98e-08 1.03e-08 0.00115365
5.01e-08 1.3e-08 0.00115568
6.31e-08 1.63e-08 0.00103291
7.94e-08 2.06e-08 0.000804583
1e-07 2.6e-08 0.000536453
1.26e-07 3.2e-08 0.000310503
1.58e-07 4.2e-08 0.000175099
2e-07 5.1e-08 0.000122504
2.51e-07 6.5e-08 0.000114295
3.16e-07 8.2e-08 0.000119772
3.98e-07 1.03e-07 0.000126916
5.01e-07 1.3e-07 0.000133311
6.31e-07 1.63e-07 0.000138773
7.94e-07 2.06e-07 0.000143386
1e-06 2.6e-07 0.000147253
1.26e-06 3.2e-07 0.000150492
1.58e-06 4.2e-07 0.000153204
2e-06 5.1e-07 0.000155485
2.51e-06 6.5e-07 0.000157417
3.16e-06 8.2e-07 0.000159069
3.98e-06 1.03e-06 0.000160495
5.01e-06 1.3e-06 0.000161743
6.31e-06 1.63e-06 0.000162848
7.94e-06 2.06e-06 0.000163839
1e-05 2.6e-06 0.00016474
1.26e-05 3.2e-06 0.00016557
1.58e-05 4.2e-06 0.000166343
2e-05 5.1e-06 0.000167072
2.51e-05 6.5e-06 0.000167765
3.16e-05 8.2e-06 0.000168433
3.98e-05 1.03e-05 0.000169081
5.01e-05 1.3e-05 0.000169717
6.31e-05 1.63e-05 0.000170346
7.94e-05 2.06e-05 0.000170975
0.0001 2.5897e-05 0.000171609
0.000125897 3.2591e-05 0.000172254
0.000158488 4.1041e-05 0.000172918
0.000199529 5.1662e-05 0.000173607
0.000251191 6.5038e-05 0.00017433
0.000316229 8.1881e-05 0.000175096
0.00039811 0.00010308 0.000175915
0.00050119 0.000129765 0.0001768
0.000630955 0.00016338 0.000177765
0.000794335 0.000205665 0.000178826
0.001 0.00025896 0.000180003
0.00125896 0.00032592 0.000181316
0.00158488 0.00041041 0.000182794
0.00199529 0.00051662 0.000184464
0.00251191 0.00065039 0.000186364
0.0031623 0.0008188 0.000188534
0.0039811 0.0010308 0.000191023
0.0050119 0.00129765 0.000193888
0.00630955 0.0016338 0.000197198
0.00794335 0.00205665 0.000201031
0.01 0.0025886 0.000205481
0.0125886 0.0032603 0.000210661
0.0158489 0.004104 0.000216701
0.0199529 0.0051663 0.000223756
0.0251192 0.0065037 0.000232012
0.0316229 0.0081881 0.00024169
0.039811 0.010308 0.000253048
0.050119 0.0129765 0.000266396
0.0630955 0.016337 0.000282099
0.0794325 0.0205675 0.000300584
0.1 0.025886 0.00032234
0.125886 0.032602 0.000347951
0.158488 0.041041 0.000378032
0.199529 0.051662 0.000413254
0.251191 0.065038 0.000454278
0.316229 0.081881 0.000501666
0.39811 0.10308 0.000555719
0.50119 0.129775 0.000616246
0.630965 0.16336 0.000682203
0.794325 0.205675 0.000751295
1 0.25886 0.000819457
1.25886 0.32603 0.000880673
1.58489 0.4104 0.000926957
1.99529 0.51662 0.000949536
2.51191 0.65039 0.000941026
3.1623 0.8188 0.000898718
3.9811 1.0308 0.000827791
5.0119 1.29765 0.000742259
6.30955 1.6338 0.000661466
7.94335 2.05665 0.00060244
10 2.5897 0.000572414
12.5897 3.2592 0.000568041
15.8489 4.1039 0.00058279
19.9528 5.1663 0.000616408
25.1191 6.5038 0.000678458
31.6229 8.1881 0.000784002
39.811 10.308 0.00094397
50.119 12.9765 0.00115363
63.0955 16.338 0.00138467
79.4335 20.5665 0.00158774
100 25.887 0.00170837
125.887 32.601 0.00170879
158.488 41.04 0.00158263
199.528 51.663 0.00135477
251.191 65.038 0.00106942
316.229 81.881 0.00077724
398.11 103.08 0.0005234
501.19 129.775 0.000334081
630.965 163.37 0.000210063
794.335 205.665 0.000135317
1000 258.86 9.11629e-05
1258.86 326.03 6.40271e-05
1584.89 410.39 4.6198e-05
1995.28 516.64 3.37692e-05
2511.92 650.38 2.47958e-05
3162.3 818.8 1.82185e-05
3981.1 1030.8 1.33767e-05
5011.9 1297.75 9.81187e-06
6309.65 1633.7 7.1906e-06
7943.35 2056.65 5.26558e-06
10000 2588.7 3.85381e-06
12588.7 3260.1 2.81869e-06
15848.8 4104 2.06084e-06
19952.8 5166.4 1.50628e-06
25119.2 6503.7 1.10066e-06
31622.9 8188.1 8.04072e-07
39811 10308 5.87299e-07
50119 12977.5 4.28895e-07
63096.5 16336 3.13186e-07
79432.5 20567.5 2.28663e-07
100000 25886 1.66948e-07
125886 32602 1.21863e-07
158488 41040 8.89507e-08
199528 51664 6.49253e-08
251192 65038 4.73868e-08
316230 81880 3.45842e-08
398110 103080 2.52394e-08
501190 129775 1.84187e-08
630965 163360 1.34412e-08
794325 205675 9.80823e-09
1e+06 1.15886e+07 7.15747e-09
1.25886e+07 3.2603e+06 5.22223e-09
1.58489e+07 4.104e+06 3.81028e-09
1.99529e+07 5.1662e+06 2.78008e-09
2.51191e+07 6.5039e+06 2.02838e-09
3.1623e+07 8.188e+06 1.47987e-09
3.9811e+07 1.0308e+07 1.07967e-09
5.0119e+07 1.29765e+07 7.87661e-10
