1e-09 2.6e-10 4.98549e-06
1.26e-09 3.2e-10 7.67174e-06
1.58e-09 4.2e-10 1.18028e-05
2e-09 5.1e-10 1.81309e-05
2.51e-09 6.5e-10 2.77744e-05
3.16e-09 8.2e-10 4.23651e-05
3.98e-09 1.03e-09 6.42273e-05
5.01e-09 1.3e-09 9.65698e-05
6.31e-09 1.63e-09 0.000143614
7.94e-09 2.06e-09 0.000210576
1e-08 2.6e-09 0.000303148
1.26e-08 3.2e-09 0.000426464
1.58e-08 4.2e-09 0.000582476
2e-08 5.1e-09 0.000766419
2.51e-08 6.5e-09 0.000962122
3.16e-08 8.2e-09 0.00113845
3.98e-08 1.03e-08 0.00125085
5.01e-08 1.3e-08 0.00125299
6.31e-08 1.63e-08 0.0011198
7.94e-08 2.06e-08 0.000872134
1e-07 2.6e-08 0.000581296
1.26e-07 3.2e-08 0.000336198
1.58e-07 4.2e-08 0.000189294
2e-07 5.1e-08 0.000132194
2.51e-07 6.5e-08 0.000123231
3.16e-07 8.2e-08 0.000129117
3.98e-07 1.03e-07 0.000136816
5.01e-07 1.3e-07 0.00014371
6.31e-07 1.63e-07 0.000149599
7.94e-07 2.06e-07 0.000154571
1e-06 2.6e-07 0.00015874
1.26e-06 3.2e-07 0.000162231
1.58e-06 4.2e-07 0.000165155
2e-06 5.1e-07 0.000167615
2.51e-06 6.5e-07 0.000169697
3.16e-06 8.2e-07 0.000171478
3.98e-06 1.03e-06 0.000173016
5.01e-06 1.3e-06 0.000174361
6.31e-06 1.63e-06 0.000175552
7.94e-06 2.06e-06 0.00017662
1e-05 2.6e-06 0.000177592
1.26e-05 3.2e-06 0.000178487
1.58e-05 4.2e-06 0.00017932
2e-05 5.1e-06 0.000180105
2.51e-05 6.5e-06 0.000180853
3.16e-05 8.2e-06 0.000181573
3.98e-05 1.03e-05 0.000182272
5.01e-05 1.3e-05 0.000182958
6.31e-05 1.63e-05 0.000183637
7.94e-05 2.06e-05 0.000184315
0.0001 2.5897e-05 0.000184999
0.000125897 3.2591e-05 0.000185696
0.000158488 4.1041e-05 0.000186412
0.000199529 5.1662e-05 0.000187156
0.000251191 6.5038e-05 0.000187937
0.000316229 8.1881e-05 0.000188765
0.00039811 0.00010308 0.00018965
0.00050119 0.000129765 0.000190607
0.000630955 0.00016338 0.000191651
0.000794335 0.000205665 0.000192799
0.001 0.00025896 0.000194073
0.00125896 0.00032592 0.000195496
0.00158488 0.00041041 0.000197097
0.00199529 0.00051662 0.000198908
0.00251191 0.00065039 0.000200968
0.0031623 0.0008188 0.000203324
0.0039811 0.0010308 0.000206027
0.0050119 0.00129765 0.00020914
0.00630955 0.0016338 0.000212739
0.00794335 0.00205665 0.000216909
0.01 0.0025886 0.000221754
0.0125886 0.0032603 0.000227398
0.0158489 0.004104 0.000233985
0.0199529 0.0051663 0.000241685
0.0251192 0.0065037 0.000250705
0.0316229 0.0081881 0.000261289
0.039811 0.010308 0.000273724
0.050119 0.0129765 0.000288354
0.0630955 0.016337 0.000305585
0.0794325 0.0205675 0.000325895
0.1 0.025886 0.000349826
0.125886 0.032602 0.000378028
0.158488 0.041041 0.000411184
0.199529 0.051662 0.000450031
0.251191 0.065038 0.000495288
0.316229 0.081881 0.000547546
0.39811 0.10308 0.000607081
0.50119 0.129775 0.000673585
0.630965 0.16336 0.000745768
0.794325 0.205675 0.000820913
1 0.25886 0.000894336
1.25886 0.32603 0.000959241
1.58489 0.4104 0.0010068
1.99529 0.51662 0.00102755
2.51191 0.65039 0.00101384
3.1623 0.8188 0.000963366
3.9811 1.0308 0.000882445
5.0119 1.29765 0.000786688
6.30955 1.6338 0.000696945
7.94335 2.05665 0.000631084
10 2.5897 0.000596305
12.5897 3.2592 0.000588672
15.8489 4.1039 0.000601067
19.9528 5.1663 0.000632988
25.1191 6.5038 0.000694018
31.6229 8.1881 0.000799256
39.811 10.308 0.000959485
50.119 12.9765 0.00116959
63.0955 16.338 0.00140074
79.4335 20.5665 0.00160316
100 25.887 0.00172224
125.887 32.601 0.00172035
158.488 41.04 0.00159155
199.528 51.663 0.00136111
251.191 65.038 0.00107358
316.229 81.881 0.000779748
398.11 103.08 0.000524801
501.19 129.775 0.000334822
630.965 163.37 0.000210449
794.335 205.665 0.000135522
1000 258.86 9.12777e-05
1258.86 326.03 6.40938e-05
1584.89 410.39 4.62378e-05
1995.28 516.64 3.37933e-05
2511.92 650.38 2.48104e-05
3162.3 818.8 1.82274e-05
3981.1 1030.8 1.33821e-05
5011.9 1297.75 9.81513e-06
6309.65 1633.7 7.19258e-06
7943.35 2056.65 5.26678e-06
10000 2588.7 3.85453e-06
12588.7 3260.1 2.81913e-06
15848.8 4104 2.0611e-06
19952.8 5166.4 1.50644e-06
25119.2 6503.7 1.10075e-06
31622.9 8188.1 8.04131e-07
39811 10308 5.87334e-07
50119 12977.5 4.28917e-07
63096.5 16336 3.13199e-07
79432.5 20567.5 2.28671e-07
100000 25886 1.66952e-07
125886 32602 1.21866e-07
158488 41040 8.89524e-08
199528 51664 6.49263e-08
251192 65038 4.73875e-08
316230 81880 3.45845e-08
398110 103080 2.52396e-08
501190 129775 1.84188e-08
630965 163360 1.34413e-08
794325 205675 9.80828e-09
1e+06 1.15886e+07 7.1575e-09
1.25886e+07 3.2603e+06 5.22225e-09
1.58489e+07 4.104e+06 3.81029e-09
1.99529e+07 5.1662e+06 2.78009e-09
2.51191e+07 6.5039e+06 2.02838e-09
3.1623e+07 8.188e+06 1.47988e-09
3.9811e+07 1.0308e+07 1.07967e-09
5.0119e+07 1.29765e+07 7.87662e-10
