1e-09 2.6e-10 3.07234e-06
1.26e-09 3.2e-10 4.72957e-06
1.58e-09 4.2e-10 7.27875e-06
2e-09 5.1e-10 1.11845e-05
2.51e-09 6.5e-10 1.71377e-05
3.16e-09 8.2e-10 2.61462e-05
3.98e-09 1.03e-09 3.9646e-05
5.01e-09 1.3e-09 5.96192e-05
6.31e-09 1.63e-09 8.86739e-05
7.94e-09 2.06e-09 0.000130033
1e-08 2.6e-09 0.000187212
1.26e-08 3.2e-09 0.000263381
1.58e-08 4.2e-09 0.000359746
2e-08 5.1e-09 0.000473358
2.51e-08 6.5e-09 0.000594218
3.16e-08 8.2e-09 0.00070308
3.98e-08 1.03e-08 0.000772403
5.01e-08 1.3e-08 0.000773556
6.31e-08 1.63e-08 0.000691032
7.94e-08 2.06e-08 0.000537733
1e-07 2.6e-08 0.000357733
1.26e-07 3.2e-08 0.000205993
1.58e-07 4.2e-08 0.000114943
2e-07 5.1e-08 7.94039e-05
2.51e-07 6.5e-08 7.36295e-05
3.16e-07 8.2e-08 7.70494e-05
3.98e-07 1.03e-07 8.1609e-05
5.01e-07 1.3e-07 8.5691e-05
6.31e-07 1.63e-07 8.91714e-05
7.94e-07 2.06e-07 9.21029e-05
1e-06 2.6e-07 9.45545e-05
1.26e-06 3.2e-07 9.66002e-05
1.58e-06 4.2e-07 9.83071e-05
2e-06 5.1e-07 9.97363e-05
2.51e-06 6.5e-07 0.000100941
3.16e-06 8.2e-07 0.000101964
3.98e-06 1.03e-06 0.000102843
5.01e-06 1.3e-06 0.000103607
6.31e-06 1.63e-06 0.000104278
7.94e-06 2.06e-06 0.000104877
1e-05 2.6e-06 0.000105417
1.26e-05 3.2e-06 0.000105912
1.58e-05 4.2e-06 0.00010637
2e-05 5.1e-06 0.000106799
2.51e-05 6.5e-06 0.000107206
3.16e-05 8.2e-06 0.000107596
3.98e-05 1.03e-05 0.000107974
5.01e-05 1.3e-05 0.000108344
6.31e-05 1.63e-05 0.000108709
7.94e-05 2.06e-05 0.000109075
0.0001 2.5897e-05 0.000109444
0.000125897 3.2591e-05 0.00010982
0.000158488 4.1041e-05 0.000110208
0.000199529 5.1662e-05 0.000110614
0.000251191 6.5038e-05 0.000111041
0.000316229 8.1881e-05 0.000111496
0.00039811 0.00010308 0.000111987
0.00050119 0.000129765 0.00011252
0.000630955 0.00016338 0.000113106
0.000794335 0.000205665 0.000113756
0.001 0.00025896 0.000114481
0.00125896 0.00032592 0.000115296
0.00158488 0.00041041 0.000116219
0.00199529 0.00051662 0.000117269
0.00251191 0.00065039 0.000118471
0.0031623 0.0008188 0.000119851
0.0039811 0.0010308 0.000121443
0.0050119 0.00129765 0.000123285
0.00630955 0.0016338 0.000125422
0.00794335 0.00205665 0.000127908
0.01 0.0025886 0.000130806
0.0125886 0.0032603 0.000134194
0.0158489 0.004104 0.000138161
0.0199529 0.0051663 0.000142813
0.0251192 0.0065037 0.000148278
0.0316229 0.0081881 0.000154709
0.039811 0.010308 0.000162287
0.050119 0.0129765 0.000171227
0.0630955 0.016337 0.000181784
0.0794325 0.0205675 0.000194256
0.1 0.025886 0.000208982
0.125886 0.032602 0.000226362
0.158488 0.041041 0.000246812
0.199529 0.051662 0.000270765
0.251191 0.065038 0.000298626
0.316229 0.081881 0.000330686
0.39811 0.10308 0.000366998
0.50119 0.129775 0.000407204
0.630965 0.16336 0.000450282
0.794325 0.205675 0.000494308
1 0.25886 0.000536167
1.25886 0.32603 0.000571569
1.58489 0.4104 0.000595223
1.99529 0.51662 0.000601785
2.51191 0.65039 0.000587361
3.1623 0.8188 0.000551466
3.9811 1.0308 0.000498634
5.0119 1.29765 0.000438422
6.30955 1.6338 0.000382781
7.94335 2.05665 0.000341415
10 2.5897 0.000317778
12.5897 3.2592 0.00030924
15.8489 4.1039 0.000311658
19.9528 5.1663 0.000324651
25.1191 6.5038 0.000353278
31.6229 8.1881 0.00040546
39.811 10.308 0.000486729
50.119 12.9765 0.000594181
63.0955 16.338 0.000712505
79.4335 20.5665 0.000815579
100 25.887 0.000875009
125.887 32.601 0.000871534
158.488 41.04 0.000802594
199.528 51.663 0.00068193
251.191 65.038 0.000533115
316.229 81.881 0.000382542
398.11 103.08 0.000253191
501.19 129.775 0.000157938
630.965 163.37 9.66062e-05
794.335 205.665 6.05561e-05
1000 258.86 3.99591e-05
1258.86 326.03 2.77438e-05
1584.89 410.39 1.99411e-05
1995.28 516.64 1.45874e-05
2511.92 650.38 1.07446e-05
3162.3 818.8 7.92825e-06
3981.1 1030.8 5.84963e-06
5011.9 1297.75 4.3134e-06
6309.65 1633.7 3.17873e-06
7943.35 2056.65 2.34135e-06
10000 2588.7 1.72403e-06
12588.7 3260.1 1.26891e-06
15848.8 4104 9.33783e-07
19952.8 5166.4 6.87085e-07
25119.2 6503.7 5.05523e-07
31622.9 8188.1 3.71921e-07
39811 10308 2.73629e-07
50119 12977.5 2.01319e-07
63096.5 16336 1.48131e-07
79432.5 20567.5 1.09003e-07
100000 25886 8.02243e-08
125886 32602 5.90434e-08
158488 41040 4.34629e-08
199528 51664 3.19998e-08
251192 65038 2.35644e-08
316230 81880 1.73559e-08
398110 103080 1.27858e-08
501190 129775 9.42112e-09
630965 163360 6.94375e-09
794325 205675 5.11899e-09
1e+06 1.15886e+07 3.77502e-09
1.25886e+07 3.2603e+06 2.78431e-09
1.58489e+07 4.104e+06 2.05429e-09
1.99529e+07 5.1662e+06 1.51618e-09
2.51191e+07 6.5039e+06 1.11939e-09
3.1623e+07 8.188e+06 8.26718e-10
3.9811e+07 1.0308e+07 6.10783e-10
5.0119e+07 1.29765e+07 4.51411e-10
