1e-09 2.6e-10 2.29707e-06
1.26e-09 3.2e-10 3.53526e-06
1.58e-09 4.2e-10 5.43959e-06
2e-09 5.1e-10 8.35698e-06
2.51e-09 6.5e-10 1.28032e-05
3.16e-09 8.2e-10 1.95307e-05
3.98e-09 1.03e-09 2.96116e-05
5.01e-09 1.3e-09 4.45257e-05
6.31e-09 1.63e-09 6.62199e-05
7.94e-09 2.06e-09 9.70999e-05
1e-08 2.6e-09 0.000139791
1.26e-08 3.2e-09 0.00019666
1.58e-08 4.2e-09 0.000268608
2e-08 5.1e-09 0.000353433
2.51e-08 6.5e-09 0.000443675
3.16e-08 8.2e-09 0.00052497
3.98e-08 1.03e-08 0.000576761
5.01e-08 1.3e-08 0.000577681
6.31e-08 1.63e-08 0.000516153
7.94e-08 2.06e-08 0.000401807
1e-07 2.6e-08 0.000267537
1.26e-07 3.2e-08 0.000154361
1.58e-07 4.2e-08 8.6481e-05
2e-07 5.1e-08 6.00303e-05
2.51e-07 6.5e-08 5.57899e-05
3.16e-07 8.2e-08 5.84051e-05
3.98e-07 1.03e-07 6.18634e-05
5.01e-07 1.3e-07 6.49579e-05
6.31e-07 1.63e-07 6.75962e-05
7.94e-07 2.06e-07 6.98184e-05
1e-06 2.6e-07 7.16768e-05
1.26e-06 3.2e-07 7.32276e-05
1.58e-06 4.2e-07 7.45214e-05
2e-06 5.1e-07 7.56048e-05
2.51e-06 6.5e-07 7.65177e-05
3.16e-06 8.2e-07 7.72936e-05
3.98e-06 1.03e-06 7.79598e-05
5.01e-06 1.3e-06 7.85385e-05
6.31e-06 1.63e-06 7.90476e-05
7.94e-06 2.06e-06 7.95013e-05
1e-05 2.6e-06 7.99109e-05
1.26e-05 3.2e-06 8.02857e-05
1.58e-05 4.2e-06 8.06327e-05
2e-05 5.1e-06 8.09579e-05
2.51e-05 6.5e-06 8.12662e-05
3.16e-05 8.2e-06 8.15615e-05
3.98e-05 1.03e-05 8.18475e-05
5.01e-05 1.3e-05 8.21273e-05
6.31e-05 1.63e-05 8.24039e-05
7.94e-05 2.06e-05 8.26801e-05
0.0001 2.5897e-05 8.29589e-05
0.000125897 3.2591e-05 8.32432e-05
0.000158488 4.1041e-05 8.35363e-05
0.000199529 5.1662e-05 8.38418e-05
0.000251191 6.5038e-05 8.41636e-05
0.000316229 8.1881e-05 8.45063e-05
0.00039811 0.00010308 8.48751e-05
0.00050119 0.000129765 8.52757e-05
0.000630955 0.00016338 8.57153e-05
0.000794335 0.000205665 8.62015e-05
0.001 0.00025896 8.67438e-05
0.00125896 0.00032592 8.73528e-05
0.00158488 0.00041041 8.80412e-05
0.00199529 0.00051662 8.88236e-05
0.00251191 0.00065039 8.97171e-05
0.0031623 0.0008188 9.07421e-05
0.0039811 0.0010308 9.19221e-05
0.0050119 0.00129765 9.3285e-05
0.00630955 0.0016338 9.48637e-05
0.00794335 0.00205665 9.66965e-05
0.01 0.0025886 9.88288e-05
0.0125886 0.0032603 0.000101316
0.0158489 0.004104 0.000104221
0.0199529 0.0051663 0.00010762
0.0251192 0.0065037 0.000111602
0.0316229 0.0081881 0.000116276
0.039811 0.010308 0.000121768
0.050119 0.0129765 0.000128228
0.0630955 0.016337 0.000135836
0.0794325 0.0205675 0.000144801
0.1 0.025886 0.000155363
0.125886 0.032602 0.000167809
0.158488 0.041041 0.000182445
0.199529 0.051662 0.000199602
0.251191 0.065038 0.000219613
0.316229 0.081881 0.000242765
0.39811 0.10308 0.000269222
0.50119 0.129775 0.000298915
0.630965 0.16336 0.000331362
0.794325 0.205675 0.000365473
1 0.25886 0.000399285
1.25886 0.32603 0.00042987
1.58489 0.4104 0.000453302
1.99529 0.51662 0.000465218
2.51191 0.65039 0.000461884
3.1623 0.8188 0.000441816
3.9811 1.0308 0.000407402
5.0119 1.29765 0.000365435
6.30955 1.6338 0.000325426
7.94335 2.05665 0.00029584
10 2.5897 0.000280349
12.5897 3.2592 0.000277381
15.8489 4.1039 0.000283797
19.9528 5.1663 0.000299644
25.1191 6.5038 0.000329976
31.6229 8.1881 0.000382684
39.811 10.308 0.000463553
50.119 12.9765 0.000570295
63.0955 16.338 0.000688408
79.4335 20.5665 0.00079244
100 25.887 0.000854234
125.887 32.601 0.000854256
158.488 41.04 0.000789331
199.528 51.663 0.00067255
251.191 65.038 0.000527018
316.229 81.881 0.000378909
398.11 103.08 0.000251196
501.19 129.775 0.000156905
630.965 163.37 9.6083e-05
794.335 205.665 6.02845e-05
1000 258.86 3.98106e-05
1258.86 326.03 2.76585e-05
1584.89 410.39 1.98904e-05
1995.28 516.64 1.45567e-05
2511.92 650.38 1.07259e-05
3162.3 818.8 7.91683e-06
3981.1 1030.8 5.84267e-06
5011.9 1297.75 4.30916e-06
6309.65 1633.7 3.17614e-06
7943.35 2056.65 2.33978e-06
10000 2588.7 1.72307e-06
12588.7 3260.1 1.26833e-06
15848.8 4104 9.33428e-07
19952.8 5166.4 6.8687e-07
25119.2 6503.7 5.05392e-07
31622.9 8188.1 3.71842e-07
39811 10308 2.73581e-07
50119 12977.5 2.01289e-07
63096.5 16336 1.48113e-07
79432.5 20567.5 1.08992e-07
100000 25886 8.02176e-08
125886 32602 5.90394e-08
158488 41040 4.34604e-08
199528 51664 3.19983e-08
251192 65038 2.35635e-08
316230 81880 1.73553e-08
398110 103080 1.27855e-08
501190 129775 9.42092e-09
630965 163360 6.94362e-09
794325 205675 5.11892e-09
1e+06 1.15886e+07 3.77497e-09
1.25886e+07 3.2603e+06 2.78428e-09
1.58489e+07 4.104e+06 2.05427e-09
1.99529e+07 5.1662e+06 1.51617e-09
2.51191e+07 6.5039e+06 1.11939e-09
3.1623e+07 8.188e+06 8.26714e-10
3.9811e+07 1.0308e+07 6.10781e-10
5.0119e+07 1.29765e+07 4.5141e-10
