1e-09 2.6e-10 3.55541e-06
1.26e-09 3.2e-10 5.47003e-06
1.58e-09 4.2e-10 8.41411e-06
2e-09 5.1e-10 1.29236e-05
2.51e-09 6.5e-10 1.97952e-05
3.16e-09 8.2e-10 3.01914e-05
3.98e-09 1.03e-09 4.57681e-05
5.01e-09 1.3e-09 6.8811e-05
6.31e-09 1.63e-09 0.000102327
7.94e-09 2.06e-09 0.000150033
1e-08 2.6e-09 0.000215983
1.26e-08 3.2e-09 0.000303833
1.58e-08 4.2e-09 0.000414977
2e-08 5.1e-09 0.000546017
2.51e-08 6.5e-09 0.000685436
3.16e-08 8.2e-09 0.000811055
3.98e-08 1.03e-08 0.000891134
5.01e-08 1.3e-08 0.00089268
6.31e-08 1.63e-08 0.000797816
7.94e-08 2.06e-08 0.000621408
1e-07 2.6e-08 0.000414244
1.26e-07 3.2e-08 0.000239656
1.58e-07 4.2e-08 0.000135009
2e-07 5.1e-08 9.43256e-05
2.51e-07 6.5e-08 8.79257e-05
3.16e-07 8.2e-08 9.20971e-05
3.98e-07 1.03e-07 9.75546e-05
5.01e-07 1.3e-07 0.000102434
6.31e-07 1.63e-07 0.000106594
7.94e-07 2.06e-07 0.000110098
1e-06 2.6e-07 0.000113028
1.26e-06 3.2e-07 0.000115473
1.58e-06 4.2e-07 0.000117513
2e-06 5.1e-07 0.000119221
2.51e-06 6.5e-07 0.00012066
3.16e-06 8.2e-07 0.000121883
3.98e-06 1.03e-06 0.000122933
5.01e-06 1.3e-06 0.000123845
6.31e-06 1.63e-06 0.000124647
7.94e-06 2.06e-06 0.000125362
1e-05 2.6e-06 0.000126008
1.26e-05 3.2e-06 0.000126598
1.58e-05 4.2e-06 0.000127145
2e-05 5.1e-06 0.000127658
2.51e-05 6.5e-06 0.000128144
3.16e-05 8.2e-06 0.000128609
3.98e-05 1.03e-05 0.00012906
5.01e-05 1.3e-05 0.000129502
6.31e-05 1.63e-05 0.000129938
7.94e-05 2.06e-05 0.000130374
0.0001 2.5897e-05 0.000130814
0.000125897 3.2591e-05 0.000131264
0.000158488 4.1041e-05 0.000131727
0.000199529 5.1662e-05 0.000132211
0.000251191 6.5038e-05 0.000132721
0.000316229 8.1881e-05 0.000133265
0.00039811 0.00010308 0.00013385
0.00050119 0.000129765 0.000134488
0.000630955 0.00016338 0.000135188
0.000794335 0.000205665 0.000135963
0.001 0.00025896 0.000136829
0.00125896 0.00032592 0.000137804
0.00158488 0.00041041 0.000138907
0.00199529 0.00051662 0.000140163
0.00251191 0.00065039 0.0001416
0.0031623 0.0008188 0.000143251
0.0039811 0.0010308 0.000145156
0.0050119 0.00129765 0.00014736
0.00630955 0.0016338 0.000149919
0.00794335 0.00205665 0.000152896
0.01 0.0025886 0.000156367
0.0125886 0.0032603 0.000160425
0.0158489 0.004104 0.000165177
0.0199529 0.0051663 0.000170751
0.0251192 0.0065037 0.000177299
0.0316229 0.0081881 0.000185003
0.039811 0.010308 0.000194078
0.050119 0.0129765 0.000204779
0.0630955 0.016337 0.000217404
0.0794325 0.0205675 0.000232301
0.1 0.025886 0.00024986
0.125886 0.032602 0.000270533
0.158488 0.041041 0.000294776
0.199529 0.051662 0.000323049
0.251191 0.065038 0.000355747
0.316229 0.081881 0.000393098
0.39811 0.10308 0.000435011
0.50119 0.129775 0.000480872
0.630965 0.16336 0.000529273
0.794325 0.205675 0.000577765
1 0.25886 0.000622599
1.25886 0.32603 0.000658817
1.58489 0.4104 0.00068056
1.99529 0.51662 0.000682196
2.51191 0.65039 0.000659998
3.1623 0.8188 0.000614204
3.9811 1.0308 0.000550568
5.0119 1.29765 0.000480073
6.30955 1.6338 0.000415872
7.94335 2.05665 0.00036824
10 2.5897 0.000340475
12.5897 3.2592 0.000329353
15.8489 4.1039 0.000330171
19.9528 5.1663 0.000342344
25.1191 6.5038 0.000371052
31.6229 8.1881 0.000424431
39.811 10.308 0.000508045
50.119 12.9765 0.000618624
63.0955 16.338 0.000740055
79.4335 20.5665 0.000845196
100 25.887 0.000904857
125.887 32.601 0.000899592
158.488 41.04 0.000827247
199.528 51.663 0.000702135
251.191 65.038 0.000548232
316.229 81.881 0.000392458
398.11 103.08 0.000258721
501.19 129.775 0.000160588
630.965 163.37 9.77652e-05
794.335 205.665 6.10676e-05
1000 258.86 4.02181e-05
1258.86 326.03 2.7909e-05
1584.89 410.39 2.00698e-05
1995.28 516.64 1.46978e-05
2511.92 650.38 1.08414e-05
3162.3 818.8 8.01247e-06
3981.1 1030.8 5.92165e-06
5011.9 1297.75 4.37397e-06
6309.65 1633.7 3.22892e-06
7943.35 2056.65 2.38244e-06
10000 2588.7 1.75733e-06
12588.7 3260.1 1.29567e-06
15848.8 4104 9.55135e-07
19952.8 5166.4 7.04019e-07
25119.2 6503.7 5.18882e-07
31622.9 8188.1 3.82414e-07
39811 10308 2.81837e-07
50119 12977.5 2.07717e-07
63096.5 16336 1.53104e-07
79432.5 20567.5 1.12856e-07
100000 25886 8.32033e-08
125886 32602 6.13411e-08
158488 41040 4.52314e-08
199528 51664 3.33587e-08
251192 65038 2.46068e-08
316230 81880 1.81542e-08
398110 103080 1.33964e-08
501190 129775 9.8875e-09
630965 163360 7.29958e-09
794325 205675 5.39018e-09
1e+06 1.15886e+07 3.98151e-09
1.25886e+07 3.2603e+06 2.94138e-09
1.58489e+07 4.104e+06 2.17367e-09
1.99529e+07 5.1662e+06 1.60685e-09
2.51191e+07 6.5039e+06 1.18821e-09
3.1623e+07 8.188e+06 8.78914e-10
3.9811e+07 1.0308e+07 6.5035e-10
5.0119e+07 1.29765e+07 4.81389e-10
