1e-09 2.6e-10 3.66397e-06
1.26e-09 3.2e-10 5.63548e-06
1.58e-09 4.2e-10 8.66651e-06
2e-09 5.1e-10 1.33085e-05
2.51e-09 6.5e-10 2.03812e-05
3.16e-09 8.2e-10 3.10805e-05
3.98e-09 1.03e-09 4.71099e-05
5.01e-09 1.3e-09 7.0821e-05
6.31e-09 1.63e-09 0.000105307
7.94e-09 2.06e-09 0.000154391
1e-08 2.6e-09 0.000222245
1.26e-08 3.2e-09 0.000312631
1.58e-08 4.2e-09 0.000426981
2e-08 5.1e-09 0.000561806
2.51e-08 6.5e-09 0.00070526
3.16e-08 8.2e-09 0.000834535
3.98e-08 1.03e-08 0.000916989
5.01e-08 1.3e-08 0.000918687
6.31e-08 1.63e-08 0.000821245
7.94e-08 2.06e-08 0.000639948
1e-07 2.6e-08 0.000427028
1.26e-07 3.2e-08 0.000247615
1.58e-07 4.2e-08 0.000140133
2e-07 5.1e-08 9.84295e-05
2.51e-07 6.5e-08 9.1976e-05
3.16e-07 8.2e-08 9.63824e-05
3.98e-07 1.03e-07 0.000102098
5.01e-07 1.3e-07 0.000107204
6.31e-07 1.63e-07 0.000111558
7.94e-07 2.06e-07 0.000115225
1e-06 2.6e-07 0.000118292
1.26e-06 3.2e-07 0.00012085
1.58e-06 4.2e-07 0.000122985
2e-06 5.1e-07 0.000124773
2.51e-06 6.5e-07 0.000126279
3.16e-06 8.2e-07 0.000127559
3.98e-06 1.03e-06 0.000128658
5.01e-06 1.3e-06 0.000129612
6.31e-06 1.63e-06 0.000130452
7.94e-06 2.06e-06 0.0001312
1e-05 2.6e-06 0.000131876
1.26e-05 3.2e-06 0.000132494
1.58e-05 4.2e-06 0.000133066
2e-05 5.1e-06 0.000133603
2.51e-05 6.5e-06 0.000134111
3.16e-05 8.2e-06 0.000134598
3.98e-05 1.03e-05 0.00013507
5.01e-05 1.3e-05 0.000135532
6.31e-05 1.63e-05 0.000135989
7.94e-05 2.06e-05 0.000136445
0.0001 2.5897e-05 0.000136905
0.000125897 3.2591e-05 0.000137375
0.000158488 4.1041e-05 0.00013786
0.000199529 5.1662e-05 0.000138366
0.000251191 6.5038e-05 0.0001389
0.000316229 8.1881e-05 0.000139468
0.00039811 0.00010308 0.000140081
0.00050119 0.000129765 0.000140747
0.000630955 0.00016338 0.000141479
0.000794335 0.000205665 0.00014229
0.001 0.00025896 0.000143196
0.00125896 0.00032592 0.000144215
0.00158488 0.00041041 0.000145368
0.00199529 0.00051662 0.000146681
0.00251191 0.00065039 0.000148183
0.0031623 0.0008188 0.000149909
0.0039811 0.0010308 0.0001519
0.0050119 0.00129765 0.000154204
0.00630955 0.0016338 0.000156878
0.00794335 0.00205665 0.000159989
0.01 0.0025886 0.000163615
0.0125886 0.0032603 0.000167855
0.0158489 0.004104 0.000172819
0.0199529 0.0051663 0.00017864
0.0251192 0.0065037 0.000185477
0.0316229 0.0081881 0.000193518
0.039811 0.010308 0.000202987
0.050119 0.0129765 0.000214147
0.0630955 0.016337 0.000227307
0.0794325 0.0205675 0.000242823
0.1 0.025886 0.000261094
0.125886 0.032602 0.000282582
0.158488 0.041041 0.000307744
0.199529 0.051662 0.000337037
0.251191 0.065038 0.000370842
0.316229 0.081881 0.000409355
0.39811 0.10308 0.000452432
0.50119 0.129775 0.000499383
0.630965 0.16336 0.000548692
0.794325 0.205675 0.000597781
1 0.25886 0.000642763
1.25886 0.32603 0.000678555
1.58489 0.4104 0.000699221
1.99529 0.51662 0.000699135
2.51191 0.65039 0.000674686
3.1623 0.8188 0.000626335
3.9811 1.0308 0.00056013
5.0119 1.29765 0.000487345
6.30955 1.6338 0.000421323
7.94335 2.05665 0.000372389
10 2.5897 0.000343754
12.5897 3.2592 0.000332049
15.8489 4.1039 0.000332459
19.9528 5.1663 0.000344344
25.1191 6.5038 0.000372874
31.6229 8.1881 0.000426178
39.811 10.308 0.000509793
50.119 12.9765 0.0006204
63.0955 16.338 0.000741825
79.4335 20.5665 0.000846878
100 25.887 0.000906354
125.887 32.601 0.000900827
158.488 41.04 0.000828189
199.528 51.663 0.000702798
251.191 65.038 0.000548661
316.229 81.881 0.000392712
398.11 103.08 0.00025886
501.19 129.775 0.000160659
630.965 163.37 9.78011e-05
794.335 205.665 6.10862e-05
1000 258.86 4.02282e-05
1258.86 326.03 2.79148e-05
1584.89 410.39 2.00733e-05
1995.28 516.64 1.46999e-05
2511.92 650.38 1.08427e-05
3162.3 818.8 8.01325e-06
3981.1 1030.8 5.92213e-06
5011.9 1297.75 4.37426e-06
6309.65 1633.7 3.2291e-06
7943.35 2056.65 2.38255e-06
10000 2588.7 1.7574e-06
12588.7 3260.1 1.29571e-06
15848.8 4104 9.55159e-07
19952.8 5166.4 7.04033e-07
25119.2 6503.7 5.18891e-07
31622.9 8188.1 3.82419e-07
39811 10308 2.8184e-07
50119 12977.5 2.07719e-07
63096.5 16336 1.53105e-07
79432.5 20567.5 1.12857e-07
100000 25886 8.32038e-08
125886 32602 6.13413e-08
158488 41040 4.52316e-08
199528 51664 3.33588e-08
251192 65038 2.46068e-08
316230 81880 1.81542e-08
398110 103080 1.33964e-08
501190 129775 9.88751e-09
630965 163360 7.29959e-09
794325 205675 5.39019e-09
1e+06 1.15886e+07 3.98152e-09
1.25886e+07 3.2603e+06 2.94139e-09
1.58489e+07 4.104e+06 2.17367e-09
1.99529e+07 5.1662e+06 1.60685e-09
2.51191e+07 6.5039e+06 1.18821e-09
3.1623e+07 8.188e+06 8.78915e-10
3.9811e+07 1.0308e+07 6.50351e-10
5.0119e+07 1.29765e+07 4.81389e-10
