1e-09 2.6e-10 3.26784e-06
1.26e-09 3.2e-10 5.0299e-06
1.58e-09 4.2e-10 7.74013e-06
2e-09 5.1e-10 1.18924e-05
2.51e-09 6.5e-10 1.82209e-05
3.16e-09 8.2e-10 2.7797e-05
3.98e-09 1.03e-09 4.21468e-05
5.01e-09 1.3e-09 6.33771e-05
6.31e-09 1.63e-09 9.42596e-05
7.94e-09 2.06e-09 0.000138219
1e-08 2.6e-09 0.000198993
1.26e-08 3.2e-09 0.000279952
1.58e-08 4.2e-09 0.000382375
2e-08 5.1e-09 0.000503131
2.51e-08 6.5e-09 0.000631594
3.16e-08 8.2e-09 0.000747313
3.98e-08 1.03e-08 0.000821018
5.01e-08 1.3e-08 0.000822285
6.31e-08 1.63e-08 0.000734635
7.94e-08 2.06e-08 0.000571776
1e-07 2.6e-08 0.000380545
1.26e-07 3.2e-08 0.000219348
1.58e-07 4.2e-08 0.000122645
2e-07 5.1e-08 8.4931e-05
2.51e-07 6.5e-08 7.8844e-05
3.16e-07 8.2e-08 8.25229e-05
3.98e-07 1.03e-07 8.74075e-05
5.01e-07 1.3e-07 9.17793e-05
6.31e-07 1.63e-07 9.55066e-05
7.94e-07 2.06e-07 9.86459e-05
1e-06 2.6e-07 0.000101271
1.26e-06 3.2e-07 0.000103462
1.58e-06 4.2e-07 0.00010529
2e-06 5.1e-07 0.00010682
2.51e-06 6.5e-07 0.000108109
3.16e-06 8.2e-07 0.000109205
3.98e-06 1.03e-06 0.000110146
5.01e-06 1.3e-06 0.000110963
6.31e-06 1.63e-06 0.000111682
7.94e-06 2.06e-06 0.000112323
1e-05 2.6e-06 0.000112901
1.26e-05 3.2e-06 0.00011343
1.58e-05 4.2e-06 0.00011392
2e-05 5.1e-06 0.00011438
2.51e-05 6.5e-06 0.000114815
3.16e-05 8.2e-06 0.000115232
3.98e-05 1.03e-05 0.000115636
5.01e-05 1.3e-05 0.000116032
6.31e-05 1.63e-05 0.000116423
7.94e-05 2.06e-05 0.000116814
0.0001 2.5897e-05 0.000117208
0.000125897 3.2591e-05 0.000117611
0.000158488 4.1041e-05 0.000118026
0.000199529 5.1662e-05 0.00011846
0.000251191 6.5038e-05 0.000118917
0.000316229 8.1881e-05 0.000119404
0.00039811 0.00010308 0.000119929
0.00050119 0.000129765 0.0001205
0.000630955 0.00016338 0.000121128
0.000794335 0.000205665 0.000121823
0.001 0.00025896 0.000122599
0.00125896 0.00032592 0.000123472
0.00158488 0.00041041 0.00012446
0.00199529 0.00051662 0.000125586
0.00251191 0.00065039 0.000126873
0.0031623 0.0008188 0.000128352
0.0039811 0.0010308 0.000130058
0.0050119 0.00129765 0.000132033
0.00630955 0.0016338 0.000134324
0.00794335 0.00205665 0.00013699
0.01 0.0025886 0.000140099
0.0125886 0.0032603 0.000143734
0.0158489 0.004104 0.000147989
0.0199529 0.0051663 0.000152981
0.0251192 0.0065037 0.000158847
0.0316229 0.0081881 0.00016575
0.039811 0.010308 0.000173885
0.050119 0.0129765 0.000183483
0.0630955 0.016337 0.000194817
0.0794325 0.0205675 0.000208205
0.1 0.025886 0.000224009
0.125886 0.032602 0.000242656
0.158488 0.041041 0.000264581
0.199529 0.051662 0.000290242
0.251191 0.065038 0.000320053
0.316229 0.081881 0.0003543
0.39811 0.10308 0.000393006
0.50119 0.129775 0.00043574
0.630965 0.16336 0.000481358
0.794325 0.205675 0.000527748
1 0.25886 0.000571548
1.25886 0.32603 0.000608173
1.58489 0.4104 0.000632035
1.99529 0.51662 0.000637567
2.51191 0.65039 0.00062081
3.1623 0.8188 0.000581449
3.9811 1.0308 0.000524459
5.0119 1.29765 0.000460018
6.30955 1.6338 0.000400697
7.94335 2.05665 0.000356594
10 2.5897 0.000331207
12.5897 3.2592 0.000321682
15.8489 4.1039 0.000323628
19.9528 5.1663 0.000336596
25.1191 6.5038 0.000365796
31.6229 8.1881 0.000419375
39.811 10.308 0.00050297
50.119 12.9765 0.000613454
63.0955 16.338 0.000734892
79.4335 20.5665 0.000840281
100 25.887 0.000900479
125.887 32.601 0.000895973
158.488 41.04 0.000824483
199.528 51.663 0.000700189
251.191 65.038 0.000546972
316.229 81.881 0.000391711
398.11 103.08 0.000258313
501.19 129.775 0.000160378
630.965 163.37 9.76595e-05
794.335 205.665 6.1013e-05
1000 258.86 4.01883e-05
1258.86 326.03 2.7892e-05
1584.89 410.39 2.00597e-05
1995.28 516.64 1.46917e-05
2511.92 650.38 1.08377e-05
3162.3 818.8 8.01018e-06
3981.1 1030.8 5.92025e-06
5011.9 1297.75 4.37311e-06
6309.65 1633.7 3.2284e-06
7943.35 2056.65 2.38213e-06
10000 2588.7 1.75714e-06
12588.7 3260.1 1.29556e-06
15848.8 4104 9.55063e-07
19952.8 5166.4 7.03975e-07
25119.2 6503.7 5.18856e-07
31622.9 8188.1 3.82397e-07
39811 10308 2.81827e-07
50119 12977.5 2.07711e-07
63096.5 16336 1.531e-07
79432.5 20567.5 1.12854e-07
100000 25886 8.32019e-08
125886 32602 6.13402e-08
158488 41040 4.52309e-08
199528 51664 3.33584e-08
251192 65038 2.46066e-08
316230 81880 1.81541e-08
398110 103080 1.33963e-08
501190 129775 9.88746e-09
630965 163360 7.29955e-09
794325 205675 5.39017e-09
1e+06 1.15886e+07 3.9815e-09
1.25886e+07 3.2603e+06 2.94138e-09
1.58489e+07 4.104e+06 2.17367e-09
1.99529e+07 5.1662e+06 1.60685e-09
2.51191e+07 6.5039e+06 1.18821e-09
3.1623e+07 8.188e+06 8.78914e-10
3.9811e+07 1.0308e+07 6.5035e-10
5.0119e+07 1.29765e+07 4.81388e-10
