1e-09 2.6e-10 4.71665e-06
1.26e-09 3.2e-10 7.09601e-06
1.58e-09 4.2e-10 1.07022e-05
2e-09 5.1e-10 1.6158e-05
2.51e-09 6.5e-10 2.43847e-05
3.16e-09 8.2e-10 3.67216e-05
3.98e-09 1.03e-09 5.50703e-05
5.01e-09 1.3e-09 8.20511e-05
6.31e-09 1.63e-09 0.000121107
7.94e-09 2.06e-09 0.000176492
1e-08 2.6e-09 0.000252862
1.26e-08 3.2e-09 0.000354451
1.58e-08 4.2e-09 0.000482976
2e-08 5.1e-09 0.000634818
2.51e-08 6.5e-09 0.000797278
3.16e-08 8.2e-09 0.000945714
3.98e-08 1.03e-08 0.00104474
5.01e-08 1.3e-08 0.0010575
6.31e-08 1.63e-08 0.000963894
7.94e-08 2.06e-08 0.00078031
1e-07 2.6e-08 0.000563163
1.26e-07 3.2e-08 0.000382785
1.58e-07 4.2e-08 0.000280454
2e-07 5.1e-08 0.000249005
2.51e-07 6.5e-08 0.000254875
3.16e-07 8.2e-08 0.000271293
3.98e-07 1.03e-07 0.000287754
5.01e-07 1.3e-07 0.000302161
6.31e-07 1.63e-07 0.000314432
7.94e-07 2.06e-07 0.000324767
1e-06 2.6e-07 0.000333409
1.26e-06 3.2e-07 0.00034062
1.58e-06 4.2e-07 0.000346636
2e-06 5.1e-07 0.000351672
2.51e-06 6.5e-07 0.000355915
3.16e-06 8.2e-07 0.00035952
3.98e-06 1.03e-06 0.000362614
5.01e-06 1.3e-06 0.000365301
6.31e-06 1.63e-06 0.000367662
7.94e-06 2.06e-06 0.000369766
1e-05 2.6e-06 0.000371663
1.26e-05 3.2e-06 0.000373397
1.58e-05 4.2e-06 0.000374999
2e-05 5.1e-06 0.000376499
2.51e-05 6.5e-06 0.000377916
3.16e-05 8.2e-06 0.000379271
3.98e-05 1.03e-05 0.000380579
5.01e-05 1.3e-05 0.000381853
6.31e-05 1.63e-05 0.000383107
7.94e-05 2.06e-05 0.000384353
0.0001 2.5897e-05 0.000385603
0.000125897 3.2591e-05 0.000386869
0.000158488 4.1041e-05 0.000388165
0.000199529 5.1662e-05 0.000389504
0.000251191 6.5038e-05 0.000390902
0.000316229 8.1881e-05 0.000392378
0.00039811 0.00010308 0.000393949
0.00050119 0.000129765 0.000395639
0.000630955 0.00016338 0.000397474
0.000794335 0.000205665 0.000399481
0.001 0.00025896 0.000401695
0.00125896 0.00032592 0.000404153
0.00158488 0.00041041 0.000406901
0.00199529 0.00051662 0.000409987
0.00251191 0.00065039 0.00041347
0.0031623 0.0008188 0.000417416
0.0039811 0.0010308 0.000421901
0.0050119 0.00129765 0.000427013
0.00630955 0.0016338 0.000432851
0.00794335 0.00205665 0.000439528
0.01 0.0025886 0.000447171
0.0125886 0.0032603 0.000455932
0.0158489 0.004104 0.000465971
0.0199529 0.0051663 0.000477473
0.0251192 0.0065037 0.000490644
0.0316229 0.0081881 0.00050571
0.039811 0.010308 0.00052292
0.050119 0.0129765 0.000542534
0.0630955 0.016337 0.00056483
0.0794325 0.0205675 0.000590083
0.1 0.025886 0.00061854
0.125886 0.032602 0.000650434
0.158488 0.041041 0.000685871
0.199529 0.051662 0.00072482
0.251191 0.065038 0.00076701
0.316229 0.081881 0.000811806
0.39811 0.10308 0.000858051
0.50119 0.129775 0.000903894
0.630965 0.16336 0.000946593
0.794325 0.205675 0.000982416
1 0.25886 0.00100661
1.25886 0.32603 0.00101376
1.58489 0.4104 0.000998436
1.99529 0.51662 0.000956568
2.51191 0.65039 0.000887175
3.1623 0.8188 0.000794168
3.9811 1.0308 0.000687245
5.0119 1.29765 0.000580639
6.30955 1.6338 0.000489129
7.94335 2.05665 0.000422628
10 2.5897 0.000382534
12.5897 3.2592 0.000363312
15.8489 4.1039 0.000358536
19.9528 5.1663 0.000366813
25.1191 6.5038 0.000393092
31.6229 8.1881 0.00044536
39.811 10.308 0.000528825
50.119 12.9765 0.000639599
63.0955 16.338 0.000760842
79.4335 20.5665 0.000864854
100 25.887 0.000922279
125.887 32.601 0.000913923
158.488 41.04 0.000838148
199.528 51.663 0.000709788
251.191 65.038 0.000553173
316.229 81.881 0.000395383
398.11 103.08 0.000260315
501.19 129.775 0.000161405
630.965 163.37 9.81766e-05
794.335 205.665 6.128e-05
1000 258.86 4.03337e-05
1258.86 326.03 2.79753e-05
1584.89 410.39 2.01092e-05
1995.28 516.64 1.47217e-05
2511.92 650.38 1.0856e-05
3162.3 818.8 8.02134e-06
3981.1 1030.8 5.92707e-06
5011.9 1297.75 4.37727e-06
6309.65 1633.7 3.23093e-06
7943.35 2056.65 2.38367e-06
10000 2588.7 1.75808e-06
12588.7 3260.1 1.29613e-06
15848.8 4104 9.55412e-07
19952.8 5166.4 7.04188e-07
25119.2 6503.7 5.18985e-07
31622.9 8188.1 3.82476e-07
39811 10308 2.81875e-07
50119 12977.5 2.0774e-07
63096.5 16336 1.53118e-07
79432.5 20567.5 1.12865e-07
100000 25886 8.32085e-08
125886 32602 6.13443e-08
158488 41040 4.52334e-08
199528 51664 3.33599e-08
251192 65038 2.46075e-08
316230 81880 1.81547e-08
398110 103080 1.33967e-08
501190 129775 9.88766e-09
630965 163360 7.29968e-09
794325 205675 5.39025e-09
1e+06 1.15886e+07 3.98155e-09
1.25886e+07 3.2603e+06 2.94141e-09
1.58489e+07 4.104e+06 2.17369e-09
1.99529e+07 5.1662e+06 1.60686e-09
2.51191e+07 6.5039e+06 1.18821e-09
3.1623e+07 8.188e+06 8.78918e-10
3.9811e+07 1.0308e+07 6.50352e-10
5.0119e+07 1.29765e+07 4.8139e-10
