1e-09 2.6e-10 4.71851e-06
1.26e-09 3.2e-10 7.08855e-06
1.58e-09 4.2e-10 1.06771e-05
2e-09 5.1e-10 1.61014e-05
2.51e-09 6.5e-10 2.42746e-05
3.16e-09 8.2e-10 3.65233e-05
3.98e-09 1.03e-09 5.47314e-05
5.01e-09 1.3e-09 8.14937e-05
6.31e-09 1.63e-09 0.000120219
7.94e-09 2.06e-09 0.000175122
1e-08 2.6e-09 0.000250812
1.26e-08 3.2e-09 0.000351485
1.58e-08 4.2e-09 0.000478853
2e-08 5.1e-09 0.00062935
2.51e-08 6.5e-09 0.000790438
3.16e-08 8.2e-09 0.000937768
3.98e-08 1.03e-08 0.00103638
5.01e-08 1.3e-08 0.00104982
6.31e-08 1.63e-08 0.000958238
7.94e-08 2.06e-08 0.000777803
1e-07 2.6e-08 0.000564254
1.26e-07 3.2e-08 0.000387078
1.58e-07 4.2e-08 0.000287036
2e-07 5.1e-08 0.000257014
2.51e-07 6.5e-08 0.000263803
3.16e-07 8.2e-08 0.000280923
3.98e-07 1.03e-07 0.000297979
5.01e-07 1.3e-07 0.000312899
6.31e-07 1.63e-07 0.000325606
7.94e-07 2.06e-07 0.000336308
1e-06 2.6e-07 0.000345257
1.26e-06 3.2e-07 0.000352724
1.58e-06 4.2e-07 0.000358954
2e-06 5.1e-07 0.000364169
2.51e-06 6.5e-07 0.000368562
3.16e-06 8.2e-07 0.000372295
3.98e-06 1.03e-06 0.000375499
5.01e-06 1.3e-06 0.000378281
6.31e-06 1.63e-06 0.000380726
7.94e-06 2.06e-06 0.000382904
1e-05 2.6e-06 0.000384868
1.26e-05 3.2e-06 0.000386663
1.58e-05 4.2e-06 0.000388322
2e-05 5.1e-06 0.000389874
2.51e-05 6.5e-06 0.000391341
3.16e-05 8.2e-06 0.000392743
3.98e-05 1.03e-05 0.000394096
5.01e-05 1.3e-05 0.000395414
6.31e-05 1.63e-05 0.000396711
7.94e-05 2.06e-05 0.000397998
0.0001 2.5897e-05 0.00039929
0.000125897 3.2591e-05 0.000400598
0.000158488 4.1041e-05 0.000401935
0.000199529 5.1662e-05 0.000403317
0.000251191 6.5038e-05 0.00040476
0.000316229 8.1881e-05 0.00040628
0.00039811 0.00010308 0.000407898
0.00050119 0.000129765 0.000409638
0.000630955 0.00016338 0.000411524
0.000794335 0.000205665 0.000413586
0.001 0.00025896 0.00041586
0.00125896 0.00032592 0.000418381
0.00158488 0.00041041 0.000421197
0.00199529 0.00051662 0.000424357
0.00251191 0.00065039 0.000427921
0.0031623 0.0008188 0.000431954
0.0039811 0.0010308 0.000436535
0.0050119 0.00129765 0.000441749
0.00630955 0.0016338 0.000447698
0.00794335 0.00205665 0.000454494
0.01 0.0025886 0.000462263
0.0125886 0.0032603 0.000471159
0.0158489 0.004104 0.000481337
0.0199529 0.0051663 0.000492982
0.0251192 0.0065037 0.000506296
0.0316229 0.0081881 0.000521503
0.039811 0.010308 0.000538841
0.050119 0.0129765 0.000558567
0.0630955 0.016337 0.000580948
0.0794325 0.0205675 0.000606249
0.1 0.025886 0.000634702
0.125886 0.032602 0.000666529
0.158488 0.041041 0.000701819
0.199529 0.051662 0.000740526
0.251191 0.065038 0.000782363
0.316229 0.081881 0.000826683
0.39811 0.10308 0.000872315
0.50119 0.129775 0.000917401
0.630965 0.16336 0.000959195
0.794325 0.205675 0.000993969
1 0.25886 0.00101699
1.25886 0.32603 0.00102284
1.58489 0.4104 0.00100616
1.99529 0.51662 0.000962922
2.51191 0.65039 0.000892205
3.1623 0.8188 0.000797992
3.9811 1.0308 0.000690043
5.0119 1.29765 0.000582632
6.30955 1.6338 0.000490539
7.94335 2.05665 0.000423648
10 2.5897 0.000383306
12.5897 3.2592 0.000363923
15.8489 4.1039 0.000359038
19.9528 5.1663 0.000367241
25.1191 6.5038 0.000393472
31.6229 8.1881 0.000445718
39.811 10.308 0.000529177
50.119 12.9765 0.000639951
63.0955 16.338 0.00076119
79.4335 20.5665 0.000865181
100 25.887 0.000922567
125.887 32.601 0.000914159
158.488 41.04 0.000838328
199.528 51.663 0.000709913
251.191 65.038 0.000553254
316.229 81.881 0.00039543
398.11 103.08 0.000260341
501.19 129.775 0.000161419
630.965 163.37 9.81833e-05
794.335 205.665 6.12835e-05
1000 258.86 4.03356e-05
1258.86 326.03 2.79764e-05
1584.89 410.39 2.01099e-05
1995.28 516.64 1.47221e-05
2511.92 650.38 1.08562e-05
3162.3 818.8 8.02149e-06
3981.1 1030.8 5.92716e-06
5011.9 1297.75 4.37733e-06
6309.65 1633.7 3.23097e-06
7943.35 2056.65 2.38369e-06
10000 2588.7 1.75809e-06
12588.7 3260.1 1.29614e-06
15848.8 4104 9.55417e-07
19952.8 5166.4 7.0419e-07
25119.2 6503.7 5.18987e-07
31622.9 8188.1 3.82477e-07
39811 10308 2.81876e-07
50119 12977.5 2.07741e-07
63096.5 16336 1.53118e-07
79432.5 20567.5 1.12865e-07
100000 25886 8.32086e-08
125886 32602 6.13443e-08
158488 41040 4.52334e-08
199528 51664 3.33599e-08
251192 65038 2.46075e-08
316230 81880 1.81547e-08
398110 103080 1.33967e-08
501190 129775 9.88767e-09
630965 163360 7.29968e-09
794325 205675 5.39025e-09
1e+06 1.15886e+07 3.98155e-09
1.25886e+07 3.2603e+06 2.94141e-09
1.58489e+07 4.104e+06 2.17369e-09
1.99529e+07 5.1662e+06 1.60686e-09
2.51191e+07 6.5039e+06 1.18821e-09
3.1623e+07 8.188e+06 8.78918e-10
3.9811e+07 1.0308e+07 6.50352e-10
5.0119e+07 1.29765e+07 4.8139e-10
