1e-09 2.6e-10 4.5865e-06
1.26e-09 3.2e-10 6.99437e-06
1.58e-09 4.2e-10 1.06767e-05
2e-09 5.1e-10 1.62906e-05
2.51e-09 6.5e-10 2.48117e-05
3.16e-09 8.2e-10 3.76612e-05
3.98e-09 1.03e-09 5.68612e-05
5.01e-09 1.3e-09 8.52014e-05
6.31e-09 1.63e-09 0.00012635
7.94e-09 2.06e-09 0.00018484
1e-08 2.6e-09 0.000265622
1.26e-08 3.2e-09 0.000373176
1.58e-08 4.2e-09 0.000509248
2e-08 5.1e-09 0.000669798
2.51e-08 6.5e-09 0.000840965
3.16e-08 8.2e-09 0.000995983
3.98e-08 1.03e-08 0.0010965
5.01e-08 1.3e-08 0.00110263
6.31e-08 1.63e-08 0.000992704
7.94e-08 2.06e-08 0.000784611
1e-07 2.6e-08 0.000539636
1.26e-07 3.2e-08 0.000334197
1.58e-07 4.2e-08 0.000213291
2e-07 5.1e-08 0.000169505
2.51e-07 6.5e-08 0.000166793
3.16e-07 8.2e-08 0.000176376
3.98e-07 1.03e-07 0.000186976
5.01e-07 1.3e-07 0.000196334
6.31e-07 1.63e-07 0.000204308
7.94e-07 2.06e-07 0.000211023
1e-06 2.6e-07 0.000216639
1.26e-06 3.2e-07 0.000221325
1.58e-06 4.2e-07 0.000225234
2e-06 5.1e-07 0.000228507
2.51e-06 6.5e-07 0.000231265
3.16e-06 8.2e-07 0.000233608
3.98e-06 1.03e-06 0.00023562
5.01e-06 1.3e-06 0.000237367
6.31e-06 1.63e-06 0.000238903
7.94e-06 2.06e-06 0.000240272
1e-05 2.6e-06 0.000241507
1.26e-05 3.2e-06 0.000242637
1.58e-05 4.2e-06 0.000243682
2e-05 5.1e-06 0.000244661
2.51e-05 6.5e-06 0.000245588
3.16e-05 8.2e-06 0.000246475
3.98e-05 1.03e-05 0.000247333
5.01e-05 1.3e-05 0.000248172
6.31e-05 1.63e-05 0.000248999
7.94e-05 2.06e-05 0.000249823
0.0001 2.5897e-05 0.000250654
0.000125897 3.2591e-05 0.000251498
0.000158488 4.1041e-05 0.000252367
0.000199529 5.1662e-05 0.00025327
0.000251191 6.5038e-05 0.000254219
0.000316229 8.1881e-05 0.000255225
0.00039811 0.00010308 0.000256305
0.00050119 0.000129765 0.000257475
0.000630955 0.00016338 0.000258754
0.000794335 0.000205665 0.000260164
0.001 0.00025896 0.000261731
0.00125896 0.00032592 0.000263485
0.00158488 0.00041041 0.000265462
0.00199529 0.00051662 0.000267701
0.00251191 0.00065039 0.00027025
0.0031623 0.0008188 0.000273164
0.0039811 0.0010308 0.000276506
0.0050119 0.00129765 0.000280351
0.00630955 0.0016338 0.000284788
0.00794335 0.00205665 0.000289916
0.01 0.0025886 0.000295853
0.0125886 0.0032603 0.000302742
0.0158489 0.004104 0.000310738
0.0199529 0.0051663 0.000320027
0.0251192 0.0065037 0.000330824
0.0316229 0.0081881 0.000343376
0.039811 0.010308 0.000357962
0.050119 0.0129765 0.000374896
0.0630955 0.016337 0.000394529
0.0794325 0.0205675 0.000417236
0.1 0.025886 0.000443395
0.125886 0.032602 0.000473407
0.158488 0.041041 0.000507577
0.199529 0.051662 0.000546112
0.251191 0.065038 0.000589008
0.316229 0.081881 0.00063592
0.39811 0.10308 0.000685983
0.50119 0.129775 0.00073762
0.630965 0.16336 0.00078831
0.794325 0.205675 0.00083445
1 0.25886 0.000871265
1.25886 0.32603 0.000893126
1.58489 0.4104 0.000894146
1.99529 0.51662 0.000869531
2.51191 0.65039 0.000817348
3.1623 0.8188 0.000740443
3.9811 1.0308 0.000647511
5.0119 1.29765 0.000552093
6.30955 1.6338 0.000468771
7.94335 2.05665 0.000407793
10 2.5897 0.000371247
12.5897 3.2592 0.000354326
15.8489 4.1039 0.000351121
19.9528 5.1663 0.000360482
25.1191 6.5038 0.000387439
31.6229 8.1881 0.000440033
39.811 10.308 0.000523569
50.119 12.9765 0.000634322
63.0955 16.338 0.000755637
79.4335 20.5665 0.00085995
100 25.887 0.000917947
125.887 32.601 0.000910369
158.488 41.04 0.000835452
199.528 51.663 0.000707899
251.191 65.038 0.000551956
316.229 81.881 0.000394663
398.11 103.08 0.000259923
501.19 129.775 0.000161205
630.965 163.37 9.80757e-05
794.335 205.665 6.1228e-05
1000 258.86 4.03054e-05
1258.86 326.03 2.79591e-05
1584.89 410.39 2.00996e-05
1995.28 516.64 1.47159e-05
2511.92 650.38 1.08524e-05
3162.3 818.8 8.01918e-06
3981.1 1030.8 5.92575e-06
5011.9 1297.75 4.37647e-06
6309.65 1633.7 3.23044e-06
7943.35 2056.65 2.38337e-06
10000 2588.7 1.7579e-06
12588.7 3260.1 1.29602e-06
15848.8 4104 9.55345e-07
19952.8 5166.4 7.04147e-07
25119.2 6503.7 5.1896e-07
31622.9 8188.1 3.82461e-07
39811 10308 2.81866e-07
50119 12977.5 2.07734e-07
63096.5 16336 1.53114e-07
79432.5 20567.5 1.12863e-07
100000 25886 8.32073e-08
125886 32602 6.13435e-08
158488 41040 4.52329e-08
199528 51664 3.33596e-08
251192 65038 2.46073e-08
316230 81880 1.81545e-08
398110 103080 1.33966e-08
501190 129775 9.88762e-09
630965 163360 7.29965e-09
794325 205675 5.39023e-09
1e+06 1.15886e+07 3.98154e-09
1.25886e+07 3.2603e+06 2.9414e-09
1.58489e+07 4.104e+06 2.17368e-09
1.99529e+07 5.1662e+06 1.60686e-09
2.51191e+07 6.5039e+06 1.18821e-09
3.1623e+07 8.188e+06 8.78917e-10
3.9811e+07 1.0308e+07 6.50352e-10
5.0119e+07 1.29765e+07 4.8139e-10
