1e-09 2.6e-10 4.35047e-06
1.26e-09 3.2e-10 6.66359e-06
1.58e-09 4.2e-10 1.02107e-05
2e-09 5.1e-10 1.56314e-05
2.51e-09 6.5e-10 2.38755e-05
3.16e-09 8.2e-10 3.63278e-05
3.98e-09 1.03e-09 5.49602e-05
5.01e-09 1.3e-09 8.24934e-05
6.31e-09 1.63e-09 0.000122506
7.94e-09 2.06e-09 0.00017942
1e-08 2.6e-09 0.000258065
1.26e-08 3.2e-09 0.000362799
1.58e-08 4.2e-09 0.000495303
2e-08 5.1e-09 0.000651585
2.51e-08 6.5e-09 0.000818027
3.16e-08 8.2e-09 0.000968374
3.98e-08 1.03e-08 0.00106503
5.01e-08 1.3e-08 0.0010689
6.31e-08 1.63e-08 0.000958775
7.94e-08 2.06e-08 0.000752232
1e-07 2.6e-08 0.000509393
1.26e-07 3.2e-08 0.000305224
1.58e-07 4.2e-08 0.000183914
2e-07 5.1e-08 0.000138292
2.51e-07 6.5e-08 0.000133112
3.16e-07 8.2e-08 0.000140226
3.98e-07 1.03e-07 0.000148607
5.01e-07 1.3e-07 0.000156043
6.31e-07 1.63e-07 0.00016238
7.94e-07 2.06e-07 0.000167717
1e-06 2.6e-07 0.00017218
1.26e-06 3.2e-07 0.000175905
1.58e-06 4.2e-07 0.000179012
2e-06 5.1e-07 0.000181614
2.51e-06 6.5e-07 0.000183806
3.16e-06 8.2e-07 0.000185668
3.98e-06 1.03e-06 0.000187268
5.01e-06 1.3e-06 0.000188657
6.31e-06 1.63e-06 0.000189878
7.94e-06 2.06e-06 0.000190967
1e-05 2.6e-06 0.000191949
1.26e-05 3.2e-06 0.000192848
1.58e-05 4.2e-06 0.00019368
2e-05 5.1e-06 0.00019446
2.51e-05 6.5e-06 0.000195198
3.16e-05 8.2e-06 0.000195905
3.98e-05 1.03e-05 0.00019659
5.01e-05 1.3e-05 0.000197259
6.31e-05 1.63e-05 0.00019792
7.94e-05 2.06e-05 0.00019858
0.0001 2.5897e-05 0.000199246
0.000125897 3.2591e-05 0.000199924
0.000158488 4.1041e-05 0.000200622
0.000199529 5.1662e-05 0.00020135
0.000251191 6.5038e-05 0.000202116
0.000316229 8.1881e-05 0.00020293
0.00039811 0.00010308 0.000203806
0.00050119 0.000129765 0.000204757
0.000630955 0.00016338 0.0002058
0.000794335 0.000205665 0.000206952
0.001 0.00025896 0.000208237
0.00125896 0.00032592 0.000209678
0.00158488 0.00041041 0.000211307
0.00199529 0.00051662 0.000213157
0.00251191 0.00065039 0.000215269
0.0031623 0.0008188 0.00021769
0.0039811 0.0010308 0.000220475
0.0050119 0.00129765 0.000223691
0.00630955 0.0016338 0.000227413
0.00794335 0.00205665 0.00023173
0.01 0.0025886 0.000236748
0.0125886 0.0032603 0.000242594
0.0158489 0.004104 0.00024941
0.0199529 0.0051663 0.000257367
0.0251192 0.0065037 0.000266667
0.0316229 0.0081881 0.000277543
0.039811 0.010308 0.000290264
0.050119 0.0129765 0.000305143
0.0630955 0.016337 0.000322534
0.0794325 0.0205675 0.000342828
0.1 0.025886 0.000366441
0.125886 0.032602 0.000393829
0.158488 0.041041 0.000425389
0.199529 0.051662 0.000461453
0.251191 0.065038 0.000502187
0.316229 0.081881 0.000547457
0.39811 0.10308 0.00059665
0.50119 0.129775 0.000648468
0.630965 0.16336 0.000700672
0.794325 0.205675 0.000749903
1 0.25886 0.00079155
1.25886 0.32603 0.000820011
1.58489 0.4104 0.000829228
1.99529 0.51662 0.000814008
2.51191 0.65039 0.000771807
3.1623 0.8188 0.000704701
3.9811 1.0308 0.00062061
5.0119 1.29765 0.000532468
6.30955 1.6338 0.000454587
7.94335 2.05665 0.000397337
10 2.5897 0.000363213
12.5897 3.2592 0.000347876
15.8489 4.1039 0.00034576
19.9528 5.1663 0.000355877
25.1191 6.5038 0.000383307
31.6229 8.1881 0.000436121
39.811 10.308 0.000519696
50.119 12.9765 0.000630421
63.0955 16.338 0.000751778
79.4335 20.5665 0.000856307
100 25.887 0.000914723
125.887 32.601 0.00090772
158.488 41.04 0.000833438
199.528 51.663 0.000706487
251.191 65.038 0.000551045
316.229 81.881 0.000394124
398.11 103.08 0.00025963
501.19 129.775 0.000161054
630.965 163.37 9.8e-05
794.335 205.665 6.11889e-05
1000 258.86 4.02841e-05
1258.86 326.03 2.79469e-05
1584.89 410.39 2.00923e-05
1995.28 516.64 1.47115e-05
2511.92 650.38 1.08497e-05
3162.3 818.8 8.01755e-06
3981.1 1030.8 5.92475e-06
5011.9 1297.75 4.37586e-06
6309.65 1633.7 3.23007e-06
7943.35 2056.65 2.38315e-06
10000 2588.7 1.75776e-06
12588.7 3260.1 1.29593e-06
15848.8 4104 9.55294e-07
19952.8 5166.4 7.04115e-07
25119.2 6503.7 5.18941e-07
31622.9 8188.1 3.82449e-07
39811 10308 2.81859e-07
50119 12977.5 2.0773e-07
63096.5 16336 1.53112e-07
79432.5 20567.5 1.12861e-07
100000 25886 8.32063e-08
125886 32602 6.13429e-08
158488 41040 4.52326e-08
199528 51664 3.33594e-08
251192 65038 2.46072e-08
316230 81880 1.81545e-08
398110 103080 1.33966e-08
501190 129775 9.88759e-09
630965 163360 7.29964e-09
794325 205675 5.39022e-09
1e+06 1.15886e+07 3.98154e-09
1.25886e+07 3.2603e+06 2.9414e-09
1.58489e+07 4.104e+06 2.17368e-09
1.99529e+07 5.1662e+06 1.60685e-09
2.51191e+07 6.5039e+06 1.18821e-09
3.1623e+07 8.188e+06 8.78916e-10
3.9811e+07 1.0308e+07 6.50352e-10
5.0119e+07 1.29765e+07 4.81389e-10
