1e-09 2.6e-10 3.17914e-06
1.26e-09 3.2e-10 4.8937e-06
1.58e-09 4.2e-10 7.53096e-06
2e-09 5.1e-10 1.15716e-05
2.51e-09 6.5e-10 1.77301e-05
3.16e-09 8.2e-10 2.70492e-05
3.98e-09 1.03e-09 4.10141e-05
5.01e-09 1.3e-09 6.16754e-05
6.31e-09 1.63e-09 9.17305e-05
7.94e-09 2.06e-09 0.000134513
1e-08 2.6e-09 0.00019366
1.26e-08 3.2e-09 0.000272451
1.58e-08 4.2e-09 0.000372133
2e-08 5.1e-09 0.000489654
2.51e-08 6.5e-09 0.000614676
3.16e-08 8.2e-09 0.00072729
3.98e-08 1.03e-08 0.000799009
5.01e-08 1.3e-08 0.000800221
6.31e-08 1.63e-08 0.000714885
7.94e-08 2.06e-08 0.000556345
1e-07 2.6e-08 0.000370189
1.26e-07 3.2e-08 0.000213264
1.58e-07 4.2e-08 0.000119112
2e-07 5.1e-08 8.23765e-05
2.51e-07 6.5e-08 7.64259e-05
3.16e-07 8.2e-08 7.9983e-05
3.98e-07 1.03e-07 8.47165e-05
5.01e-07 1.3e-07 8.89536e-05
6.31e-07 1.63e-07 9.25662e-05
7.94e-07 2.06e-07 9.56089e-05
1e-06 2.6e-07 9.81534e-05
1.26e-06 3.2e-07 0.000100277
1.58e-06 4.2e-07 0.000102048
2e-06 5.1e-07 0.000103531
2.51e-06 6.5e-07 0.000104781
3.16e-06 8.2e-07 0.000105843
3.98e-06 1.03e-06 0.000106755
5.01e-06 1.3e-06 0.000107547
6.31e-06 1.63e-06 0.000108244
7.94e-06 2.06e-06 0.000108865
1e-05 2.6e-06 0.000109425
1.26e-05 3.2e-06 0.000109938
1.58e-05 4.2e-06 0.000110413
2e-05 5.1e-06 0.000110858
2.51e-05 6.5e-06 0.00011128
3.16e-05 8.2e-06 0.000111684
3.98e-05 1.03e-05 0.000112076
5.01e-05 1.3e-05 0.000112459
6.31e-05 1.63e-05 0.000112838
7.94e-05 2.06e-05 0.000113217
0.0001 2.5897e-05 0.0001136
0.000125897 3.2591e-05 0.00011399
0.000158488 4.1041e-05 0.000114392
0.000199529 5.1662e-05 0.000114812
0.000251191 6.5038e-05 0.000115255
0.000316229 8.1881e-05 0.000115727
0.00039811 0.00010308 0.000116236
0.00050119 0.000129765 0.000116789
0.000630955 0.00016338 0.000117397
0.000794335 0.000205665 0.00011807
0.001 0.00025896 0.000118822
0.00125896 0.00032592 0.000119668
0.00158488 0.00041041 0.000120626
0.00199529 0.00051662 0.000121715
0.00251191 0.00065039 0.000122962
0.0031623 0.0008188 0.000124394
0.0039811 0.0010308 0.000126046
0.0050119 0.00129765 0.000127958
0.00630955 0.0016338 0.000130176
0.00794335 0.00205665 0.000132757
0.01 0.0025886 0.000135766
0.0125886 0.0032603 0.000139284
0.0158489 0.004104 0.000143402
0.0199529 0.0051663 0.000148233
0.0251192 0.0065037 0.000153909
0.0316229 0.0081881 0.000160588
0.039811 0.010308 0.000168459
0.050119 0.0129765 0.000177745
0.0630955 0.016337 0.000188712
0.0794325 0.0205675 0.000201669
0.1 0.025886 0.000216967
0.125886 0.032602 0.000235023
0.158488 0.041041 0.000256266
0.199529 0.051662 0.000281148
0.251191 0.065038 0.000310083
0.316229 0.081881 0.000343371
0.39811 0.10308 0.000381061
0.50119 0.129775 0.000422773
0.630965 0.16336 0.000467437
0.794325 0.205675 0.000513042
1 0.25886 0.000556351
1.25886 0.32603 0.000592904
1.58489 0.4104 0.000617217
1.99529 0.51662 0.000623766
2.51191 0.65039 0.000608542
3.1623 0.8188 0.000571076
3.9811 1.0308 0.0005161
5.0119 1.29765 0.000453532
6.30955 1.6338 0.000395745
7.94335 2.05665 0.000352762
10 2.5897 0.000328136
12.5897 3.2592 0.000319125
15.8489 4.1039 0.000321434
19.9528 5.1663 0.00033466
25.1191 6.5038 0.000364018
31.6229 8.1881 0.000417659
39.811 10.308 0.000501243
50.119 12.9765 0.000611691
63.0955 16.338 0.000733127
79.4335 20.5665 0.000838599
100 25.887 0.000898977
125.887 32.601 0.000894731
158.488 41.04 0.000823534
199.528 51.663 0.00069952
251.191 65.038 0.000546539
316.229 81.881 0.000391453
398.11 103.08 0.000258172
501.19 129.775 0.000160306
630.965 163.37 9.76231e-05
794.335 205.665 6.09942e-05
1000 258.86 4.01781e-05
1258.86 326.03 2.78861e-05
1584.89 410.39 2.00562e-05
1995.28 516.64 1.46896e-05
2511.92 650.38 1.08364e-05
3162.3 818.8 8.00939e-06
3981.1 1030.8 5.91977e-06
5011.9 1297.75 4.37282e-06
6309.65 1633.7 3.22822e-06
7943.35 2056.65 2.38202e-06
10000 2588.7 1.75707e-06
12588.7 3260.1 1.29551e-06
15848.8 4104 9.55038e-07
19952.8 5166.4 7.03959e-07
25119.2 6503.7 5.18846e-07
31622.9 8188.1 3.82392e-07
39811 10308 2.81824e-07
50119 12977.5 2.07709e-07
63096.5 16336 1.53099e-07
79432.5 20567.5 1.12853e-07
100000 25886 8.32015e-08
125886 32602 6.13399e-08
158488 41040 4.52308e-08
199528 51664 3.33583e-08
251192 65038 2.46065e-08
316230 81880 1.81541e-08
398110 103080 1.33963e-08
501190 129775 9.88744e-09
630965 163360 7.29954e-09
794325 205675 5.39016e-09
1e+06 1.15886e+07 3.9815e-09
1.25886e+07 3.2603e+06 2.94138e-09
1.58489e+07 4.104e+06 2.17367e-09
1.99529e+07 5.1662e+06 1.60685e-09
2.51191e+07 6.5039e+06 1.18821e-09
3.1623e+07 8.188e+06 8.78913e-10
3.9811e+07 1.0308e+07 6.5035e-10
5.0119e+07 1.29765e+07 4.81388e-10
