1e-09 2.6e-10 4.46609e-06
1.26e-09 3.2e-10 6.82957e-06
1.58e-09 4.2e-10 1.04503e-05
2e-09 5.1e-10 1.59786e-05
2.51e-09 6.5e-10 2.43802e-05
3.16e-09 8.2e-10 3.70629e-05
3.98e-09 1.03e-09 5.60303e-05
5.01e-09 1.3e-09 8.4047e-05
6.31e-09 1.63e-09 0.000124749
7.94e-09 2.06e-09 0.00018263
1e-08 2.6e-09 0.000262595
1.26e-08 3.2e-09 0.000369078
1.58e-08 4.2e-09 0.000503795
2e-08 5.1e-09 0.000662708
2.51e-08 6.5e-09 0.000832018
3.16e-08 8.2e-09 0.000985101
3.98e-08 1.03e-08 0.00108383
5.01e-08 1.3e-08 0.00108854
6.31e-08 1.63e-08 0.000977719
7.94e-08 2.06e-08 0.000769176
1e-07 2.6e-08 0.000523872
1.26e-07 3.2e-08 0.000317821
1.58e-07 4.2e-08 0.000195812
2e-07 5.1e-08 0.000150535
2.51e-07 6.5e-08 0.000146211
3.16e-07 8.2e-08 0.000154267
3.98e-07 1.03e-07 0.000163508
5.01e-07 1.3e-07 0.00017169
6.31e-07 1.63e-07 0.000178663
7.94e-07 2.06e-07 0.000184535
1e-06 2.6e-07 0.000189446
1.26e-06 3.2e-07 0.000193544
1.58e-06 4.2e-07 0.000196963
2e-06 5.1e-07 0.000199825
2.51e-06 6.5e-07 0.000202237
3.16e-06 8.2e-07 0.000204286
3.98e-06 1.03e-06 0.000206046
5.01e-06 1.3e-06 0.000207574
6.31e-06 1.63e-06 0.000208918
7.94e-06 2.06e-06 0.000210115
1e-05 2.6e-06 0.000211196
1.26e-05 3.2e-06 0.000212185
1.58e-05 4.2e-06 0.0002131
2e-05 5.1e-06 0.000213956
2.51e-05 6.5e-06 0.000214768
3.16e-05 8.2e-06 0.000215545
3.98e-05 1.03e-05 0.000216297
5.01e-05 1.3e-05 0.000217033
6.31e-05 1.63e-05 0.000217759
7.94e-05 2.06e-05 0.000218483
0.0001 2.5897e-05 0.000219213
0.000125897 3.2591e-05 0.000219956
0.000158488 4.1041e-05 0.000220721
0.000199529 5.1662e-05 0.000221518
0.000251191 6.5038e-05 0.000222355
0.000316229 8.1881e-05 0.000223246
0.00039811 0.00010308 0.000224202
0.00050119 0.000129765 0.00022524
0.000630955 0.00016338 0.000226376
0.000794335 0.000205665 0.00022763
0.001 0.00025896 0.000229028
0.00125896 0.00032592 0.000230594
0.00158488 0.00041041 0.000232362
0.00199529 0.00051662 0.000234368
0.00251191 0.00065039 0.000236656
0.0031623 0.0008188 0.000239276
0.0039811 0.0010308 0.000242288
0.0050119 0.00129765 0.000245759
0.00630955 0.0016338 0.000249773
0.00794335 0.00205665 0.000254423
0.01 0.0025886 0.000259819
0.0125886 0.0032603 0.000266096
0.0158489 0.004104 0.000273403
0.0199529 0.0051663 0.000281918
0.0251192 0.0065037 0.000291848
0.0316229 0.0081881 0.000303435
0.039811 0.010308 0.000316954
0.050119 0.0129765 0.000332721
0.0630955 0.016337 0.00035109
0.0794325 0.0205675 0.000372452
0.1 0.025886 0.00039721
0.125886 0.032602 0.000425799
0.158488 0.041041 0.000458583
0.199529 0.051662 0.000495845
0.251191 0.065038 0.000537681
0.316229 0.081881 0.000583864
0.39811 0.10308 0.000633672
0.50119 0.129775 0.00068568
0.630965 0.16336 0.000737517
0.794325 0.205675 0.000785702
1 0.25886 0.000825537
1.25886 0.32603 0.000851391
1.58489 0.4104 0.000857262
1.99529 0.51662 0.000838123
2.51191 0.65039 0.000791689
3.1623 0.8188 0.000720378
3.9811 1.0308 0.000632459
5.0119 1.29765 0.000541143
6.30955 1.6338 0.000460877
7.94335 2.05665 0.000401986
10 2.5897 0.000366794
12.5897 3.2592 0.000350757
15.8489 4.1039 0.000348158
19.9528 5.1663 0.000357941
25.1191 6.5038 0.000385161
31.6229 8.1881 0.000437878
39.811 10.308 0.000521437
50.119 12.9765 0.000632176
63.0955 16.338 0.000753515
79.4335 20.5665 0.000857948
100 25.887 0.000916175
125.887 32.601 0.000908914
158.488 41.04 0.000834346
199.528 51.663 0.000707123
251.191 65.038 0.000551455
316.229 81.881 0.000394367
398.11 103.08 0.000259762
501.19 129.775 0.000161122
630.965 163.37 9.80342e-05
794.335 205.665 6.12066e-05
1000 258.86 4.02937e-05
1258.86 326.03 2.79524e-05
1584.89 410.39 2.00956e-05
1995.28 516.64 1.47134e-05
2511.92 650.38 1.0851e-05
3162.3 818.8 8.01828e-06
3981.1 1030.8 5.9252e-06
5011.9 1297.75 4.37613e-06
6309.65 1633.7 3.23024e-06
7943.35 2056.65 2.38325e-06
10000 2588.7 1.75782e-06
12588.7 3260.1 1.29597e-06
15848.8 4104 9.55317e-07
19952.8 5166.4 7.04129e-07
25119.2 6503.7 5.1895e-07
31622.9 8188.1 3.82455e-07
39811 10308 2.81862e-07
50119 12977.5 2.07732e-07
63096.5 16336 1.53113e-07
79432.5 20567.5 1.12862e-07
100000 25886 8.32067e-08
125886 32602 6.13432e-08
158488 41040 4.52327e-08
199528 51664 3.33595e-08
251192 65038 2.46072e-08
316230 81880 1.81545e-08
398110 103080 1.33966e-08
501190 129775 9.88761e-09
630965 163360 7.29964e-09
794325 205675 5.39022e-09
1e+06 1.15886e+07 3.98154e-09
1.25886e+07 3.2603e+06 2.9414e-09
1.58489e+07 4.104e+06 2.17368e-09
1.99529e+07 5.1662e+06 1.60686e-09
2.51191e+07 6.5039e+06 1.18821e-09
3.1623e+07 8.188e+06 8.78917e-10
3.9811e+07 1.0308e+07 6.50352e-10
5.0119e+07 1.29765e+07 4.8139e-10
