1e-09 2.6e-10 4.63624e-06
1.26e-09 3.2e-10 7.05647e-06
1.58e-09 4.2e-10 1.0753e-05
2e-09 5.1e-10 1.63828e-05
2.51e-09 6.5e-10 2.49201e-05
3.16e-09 8.2e-10 3.77843e-05
3.98e-09 1.03e-09 5.69942e-05
5.01e-09 1.3e-09 8.53344e-05
6.31e-09 1.63e-09 0.000126466
7.94e-09 2.06e-09 0.000184913
1e-08 2.6e-09 0.00026562
1.26e-08 3.2e-09 0.000373059
1.58e-08 4.2e-09 0.000508985
2e-08 5.1e-09 0.000669392
2.51e-08 6.5e-09 0.000840489
3.16e-08 8.2e-09 0.000995627
3.98e-08 1.03e-08 0.00109662
5.01e-08 1.3e-08 0.00110373
6.31e-08 1.63e-08 0.000995375
7.94e-08 2.06e-08 0.000789346
1e-07 2.6e-08 0.000546655
1.26e-07 3.2e-08 0.000343377
1.58e-07 4.2e-08 0.000224286
2e-07 5.1e-08 0.000181954
2.51e-07 6.5e-08 0.000180442
3.16e-07 8.2e-08 0.000191062
3.98e-07 1.03e-07 0.000202567
5.01e-07 1.3e-07 0.000212706
6.31e-07 1.63e-07 0.000221344
7.94e-07 2.06e-07 0.00022862
1e-06 2.6e-07 0.000234704
1.26e-06 3.2e-07 0.00023978
1.58e-06 4.2e-07 0.000244016
2e-06 5.1e-07 0.000247562
2.51e-06 6.5e-07 0.000250549
3.16e-06 8.2e-07 0.000253088
3.98e-06 1.03e-06 0.000255267
5.01e-06 1.3e-06 0.000257159
6.31e-06 1.63e-06 0.000258823
7.94e-06 2.06e-06 0.000260306
1e-05 2.6e-06 0.000261644
1.26e-05 3.2e-06 0.000262867
1.58e-05 4.2e-06 0.000263999
2e-05 5.1e-06 0.000265059
2.51e-05 6.5e-06 0.000266062
3.16e-05 8.2e-06 0.000267022
3.98e-05 1.03e-05 0.00026795
5.01e-05 1.3e-05 0.000268856
6.31e-05 1.63e-05 0.00026975
7.94e-05 2.06e-05 0.000270641
0.0001 2.5897e-05 0.000271538
0.000125897 3.2591e-05 0.000272449
0.000158488 4.1041e-05 0.000273386
0.000199529 5.1662e-05 0.000274358
0.000251191 6.5038e-05 0.000275379
0.000316229 8.1881e-05 0.000276461
0.00039811 0.00010308 0.000277621
0.00050119 0.000129765 0.000278876
0.000630955 0.00016338 0.000280246
0.000794335 0.000205665 0.000281756
0.001 0.00025896 0.000283432
0.00125896 0.00032592 0.000285305
0.00158488 0.00041041 0.000287414
0.00199529 0.00051662 0.000289799
0.00251191 0.00065039 0.000292511
0.0031623 0.0008188 0.000295607
0.0039811 0.0010308 0.000299154
0.0050119 0.00129765 0.00030323
0.00630955 0.0016338 0.000307925
0.00794335 0.00205665 0.000313343
0.01 0.0025886 0.000319606
0.0125886 0.0032603 0.000326858
0.0158489 0.004104 0.000335261
0.0199529 0.0051663 0.000345003
0.0251192 0.0065037 0.0003563
0.0316229 0.0081881 0.0003694
0.039811 0.010308 0.000384582
0.050119 0.0129765 0.000402157
0.0630955 0.016337 0.000422466
0.0794325 0.0205675 0.000445874
0.1 0.025886 0.000472739
0.125886 0.032602 0.000503433
0.158488 0.041041 0.000538228
0.199529 0.051662 0.000577282
0.251191 0.065038 0.000620534
0.316229 0.081881 0.000667571
0.39811 0.10308 0.000717454
0.50119 0.129775 0.000768531
0.630965 0.16336 0.000818212
0.794325 0.205675 0.000862839
1 0.25886 0.000897619
1.25886 0.32603 0.000916941
1.58489 0.4104 0.000914998
1.99529 0.51662 0.000887135
2.51191 0.65039 0.000831618
3.1623 0.8188 0.000751523
3.9811 1.0308 0.000655772
5.0119 1.29765 0.00055807
6.30955 1.6338 0.000473059
7.94335 2.05665 0.000410934
10 2.5897 0.000373647
12.5897 3.2592 0.000356244
15.8489 4.1039 0.000352709
19.9528 5.1663 0.000361842
25.1191 6.5038 0.000388656
31.6229 8.1881 0.000441182
39.811 10.308 0.000524705
50.119 12.9765 0.000635463
63.0955 16.338 0.000756764
79.4335 20.5665 0.000861013
100 25.887 0.000918886
125.887 32.601 0.000911141
158.488 41.04 0.000836037
199.528 51.663 0.000708309
251.191 65.038 0.00055222
316.229 81.881 0.000394819
398.11 103.08 0.000260009
501.19 129.775 0.000161248
630.965 163.37 9.80977e-05
794.335 205.665 6.12393e-05
1000 258.86 4.03116e-05
1258.86 326.03 2.79626e-05
1584.89 410.39 2.01017e-05
1995.28 516.64 1.47171e-05
2511.92 650.38 1.08532e-05
3162.3 818.8 8.01965e-06
3981.1 1030.8 5.92604e-06
5011.9 1297.75 4.37664e-06
6309.65 1633.7 3.23055e-06
7943.35 2056.65 2.38344e-06
10000 2588.7 1.75794e-06
12588.7 3260.1 1.29604e-06
15848.8 4104 9.55359e-07
19952.8 5166.4 7.04156e-07
25119.2 6503.7 5.18966e-07
31622.9 8188.1 3.82464e-07
39811 10308 2.81868e-07
50119 12977.5 2.07736e-07
63096.5 16336 1.53115e-07
79432.5 20567.5 1.12863e-07
100000 25886 8.32075e-08
125886 32602 6.13436e-08
158488 41040 4.5233e-08
199528 51664 3.33597e-08
251192 65038 2.46073e-08
316230 81880 1.81546e-08
398110 103080 1.33966e-08
501190 129775 9.88763e-09
630965 163360 7.29966e-09
794325 205675 5.39023e-09
1e+06 1.15886e+07 3.98154e-09
1.25886e+07 3.2603e+06 2.9414e-09
1.58489e+07 4.104e+06 2.17368e-09
1.99529e+07 5.1662e+06 1.60686e-09
2.51191e+07 6.5039e+06 1.18821e-09
3.1623e+07 8.188e+06 8.78917e-10
3.9811e+07 1.0308e+07 6.50352e-10
5.0119e+07 1.29765e+07 4.8139e-10
