1e-09 2.6e-10 4.36717e-06
1.26e-09 3.2e-10 6.68783e-06
1.58e-09 4.2e-10 1.02461e-05
2e-09 5.1e-10 1.56832e-05
2.51e-09 6.5e-10 2.39515e-05
3.16e-09 8.2e-10 3.64396e-05
3.98e-09 1.03e-09 5.51242e-05
5.01e-09 1.3e-09 8.27332e-05
6.31e-09 1.63e-09 0.000122855
7.94e-09 2.06e-09 0.000179922
1e-08 2.6e-09 0.000258775
1.26e-08 3.2e-09 0.000363787
1.58e-08 4.2e-09 0.000496642
2e-08 5.1e-09 0.000653341
2.51e-08 6.5e-09 0.000820236
3.16e-08 8.2e-09 0.000971008
3.98e-08 1.03e-08 0.00106798
5.01e-08 1.3e-08 0.00107195
6.31e-08 1.63e-08 0.000961669
7.94e-08 2.06e-08 0.000754753
1e-07 2.6e-08 0.000511461
1.26e-07 3.2e-08 0.000306935
1.58e-07 4.2e-08 0.000185463
2e-07 5.1e-08 0.000139853
2.51e-07 6.5e-08 0.000134773
3.16e-07 8.2e-08 0.000142005
3.98e-07 1.03e-07 0.000150495
5.01e-07 1.3e-07 0.000158025
6.31e-07 1.63e-07 0.000164443
7.94e-07 2.06e-07 0.000169848
1e-06 2.6e-07 0.000174368
1.26e-06 3.2e-07 0.00017814
1.58e-06 4.2e-07 0.000181286
2e-06 5.1e-07 0.000183921
2.51e-06 6.5e-07 0.000186141
3.16e-06 8.2e-07 0.000188027
3.98e-06 1.03e-06 0.000189647
5.01e-06 1.3e-06 0.000191053
6.31e-06 1.63e-06 0.000192291
7.94e-06 2.06e-06 0.000193393
1e-05 2.6e-06 0.000194388
1.26e-05 3.2e-06 0.000195298
1.58e-05 4.2e-06 0.000196141
2e-05 5.1e-06 0.00019693
2.51e-05 6.5e-06 0.000197677
3.16e-05 8.2e-06 0.000198394
3.98e-05 1.03e-05 0.000199087
5.01e-05 1.3e-05 0.000199764
6.31e-05 1.63e-05 0.000200434
7.94e-05 2.06e-05 0.000201102
0.0001 2.5897e-05 0.000201776
0.000125897 3.2591e-05 0.000202462
0.000158488 4.1041e-05 0.000203169
0.000199529 5.1662e-05 0.000203905
0.000251191 6.5038e-05 0.00020468
0.000316229 8.1881e-05 0.000205505
0.00039811 0.00010308 0.000206391
0.00050119 0.000129765 0.000207353
0.000630955 0.00016338 0.000208407
0.000794335 0.000205665 0.000209573
0.001 0.00025896 0.000210872
0.00125896 0.00032592 0.00021233
0.00158488 0.00041041 0.000213976
0.00199529 0.00051662 0.000215846
0.00251191 0.00065039 0.000217981
0.0031623 0.0008188 0.000220428
0.0039811 0.0010308 0.000223243
0.0050119 0.00129765 0.000226492
0.00630955 0.0016338 0.000230252
0.00794335 0.00205665 0.000234613
0.01 0.0025886 0.00023968
0.0125886 0.0032603 0.000245582
0.0158489 0.004104 0.000252463
0.0199529 0.0051663 0.000260494
0.0251192 0.0065037 0.000269877
0.0316229 0.0081881 0.000280848
0.039811 0.010308 0.000293676
0.050119 0.0129765 0.000308675
0.0630955 0.016337 0.000326197
0.0794325 0.0205675 0.000346637
0.1 0.025886 0.000370408
0.125886 0.032602 0.000397962
0.158488 0.041041 0.000429695
0.199529 0.051662 0.000465931
0.251191 0.065038 0.000506826
0.316229 0.081881 0.000552235
0.39811 0.10308 0.000601531
0.50119 0.129775 0.000653396
0.630965 0.16336 0.000705574
0.794325 0.205675 0.000754689
1 0.25886 0.000796115
1.25886 0.32603 0.000824244
1.58489 0.4104 0.000833025
1.99529 0.51662 0.000817287
2.51191 0.65039 0.00077452
3.1623 0.8188 0.000706847
3.9811 1.0308 0.000622237
5.0119 1.29765 0.000533662
6.30955 1.6338 0.000455455
7.94335 2.05665 0.00039798
10 2.5897 0.000363709
12.5897 3.2592 0.000348275
15.8489 4.1039 0.000346093
19.9528 5.1663 0.000356164
25.1191 6.5038 0.000383565
31.6229 8.1881 0.000436366
39.811 10.308 0.000519938
50.119 12.9765 0.000630666
63.0955 16.338 0.00075202
79.4335 20.5665 0.000856536
100 25.887 0.000914925
125.887 32.601 0.000907887
158.488 41.04 0.000833565
199.528 51.663 0.000706575
251.191 65.038 0.000551102
316.229 81.881 0.000394158
398.11 103.08 0.000259648
501.19 129.775 0.000161064
630.965 163.37 9.80048e-05
794.335 205.665 6.11914e-05
1000 258.86 4.02855e-05
1258.86 326.03 2.79477e-05
1584.89 410.39 2.00928e-05
1995.28 516.64 1.47117e-05
2511.92 650.38 1.08499e-05
3162.3 818.8 8.01765e-06
3981.1 1030.8 5.92482e-06
5011.9 1297.75 4.3759e-06
6309.65 1633.7 3.2301e-06
7943.35 2056.65 2.38316e-06
10000 2588.7 1.75777e-06
12588.7 3260.1 1.29594e-06
15848.8 4104 9.55297e-07
19952.8 5166.4 7.04117e-07
25119.2 6503.7 5.18943e-07
31622.9 8188.1 3.8245e-07
39811 10308 2.81859e-07
50119 12977.5 2.0773e-07
63096.5 16336 1.53112e-07
79432.5 20567.5 1.12861e-07
100000 25886 8.32064e-08
125886 32602 6.13429e-08
158488 41040 4.52326e-08
199528 51664 3.33594e-08
251192 65038 2.46072e-08
316230 81880 1.81545e-08
398110 103080 1.33966e-08
501190 129775 9.8876e-09
630965 163360 7.29964e-09
794325 205675 5.39022e-09
1e+06 1.15886e+07 3.98154e-09
1.25886e+07 3.2603e+06 2.9414e-09
1.58489e+07 4.104e+06 2.17368e-09
1.99529e+07 5.1662e+06 1.60685e-09
2.51191e+07 6.5039e+06 1.18821e-09
3.1623e+07 8.188e+06 8.78916e-10
3.9811e+07 1.0308e+07 6.50352e-10
5.0119e+07 1.29765e+07 4.81389e-10
