1e-09 2.6e-10 3.31573e-06
1.26e-09 3.2e-10 5.10337e-06
1.58e-09 4.2e-10 7.85285e-06
2e-09 5.1e-10 1.20651e-05
2.51e-09 6.5e-10 1.8485e-05
3.16e-09 8.2e-10 2.81992e-05
3.98e-09 1.03e-09 4.27556e-05
5.01e-09 1.3e-09 6.42914e-05
6.31e-09 1.63e-09 9.56181e-05
7.94e-09 2.06e-09 0.00014021
1e-08 2.6e-09 0.000201857
1.26e-08 3.2e-09 0.000283979
1.58e-08 4.2e-09 0.000387874
2e-08 5.1e-09 0.000510364
2.51e-08 6.5e-09 0.000640675
3.16e-08 8.2e-09 0.000758061
3.98e-08 1.03e-08 0.000832835
5.01e-08 1.3e-08 0.000834138
6.31e-08 1.63e-08 0.000745254
7.94e-08 2.06e-08 0.000580087
1e-07 2.6e-08 0.000386144
1.26e-07 3.2e-08 0.000222665
1.58e-07 4.2e-08 0.000124601
2e-07 5.1e-08 8.63699e-05
2.51e-07 6.5e-08 8.02162e-05
3.16e-07 8.2e-08 8.39661e-05
3.98e-07 1.03e-07 8.89367e-05
5.01e-07 1.3e-07 9.3385e-05
6.31e-07 1.63e-07 9.71775e-05
7.94e-07 2.06e-07 0.000100372
1e-06 2.6e-07 0.000103043
1.26e-06 3.2e-07 0.000105272
1.58e-06 4.2e-07 0.000107132
2e-06 5.1e-07 0.000108689
2.51e-06 6.5e-07 0.000110001
3.16e-06 8.2e-07 0.000111116
3.98e-06 1.03e-06 0.000112073
5.01e-06 1.3e-06 0.000112905
6.31e-06 1.63e-06 0.000113636
7.94e-06 2.06e-06 0.000114288
1e-05 2.6e-06 0.000114876
1.26e-05 3.2e-06 0.000115415
1.58e-05 4.2e-06 0.000115913
2e-05 5.1e-06 0.000116381
2.51e-05 6.5e-06 0.000116824
3.16e-05 8.2e-06 0.000117248
3.98e-05 1.03e-05 0.000117659
5.01e-05 1.3e-05 0.000118062
6.31e-05 1.63e-05 0.00011846
7.94e-05 2.06e-05 0.000118857
0.0001 2.5897e-05 0.000119259
0.000125897 3.2591e-05 0.000119669
0.000158488 4.1041e-05 0.000120091
0.000199529 5.1662e-05 0.000120532
0.000251191 6.5038e-05 0.000120997
0.000316229 8.1881e-05 0.000121493
0.00039811 0.00010308 0.000122027
0.00050119 0.000129765 0.000122609
0.000630955 0.00016338 0.000123247
0.000794335 0.000205665 0.000123954
0.001 0.00025896 0.000124744
0.00125896 0.00032592 0.000125633
0.00158488 0.00041041 0.000126639
0.00199529 0.00051662 0.000127784
0.00251191 0.00065039 0.000129094
0.0031623 0.0008188 0.0001306
0.0039811 0.0010308 0.000132337
0.0050119 0.00129765 0.000134346
0.00630955 0.0016338 0.000136679
0.00794335 0.00205665 0.000139393
0.01 0.0025886 0.000142558
0.0125886 0.0032603 0.000146258
0.0158489 0.004104 0.000150591
0.0199529 0.0051663 0.000155673
0.0251192 0.0065037 0.000161645
0.0316229 0.0081881 0.000168673
0.039811 0.010308 0.000176955
0.050119 0.0129765 0.000186726
0.0630955 0.016337 0.000198264
0.0794325 0.0205675 0.000211891
0.1 0.025886 0.000227975
0.125886 0.032602 0.000246947
0.158488 0.041041 0.000269247
0.199529 0.051662 0.000295333
0.251191 0.065038 0.00032562
0.316229 0.081881 0.000360385
0.39811 0.10308 0.000399634
0.50119 0.129775 0.00044291
0.630965 0.16336 0.000489026
0.794325 0.205675 0.000535814
1 0.25886 0.000579847
1.25886 0.32603 0.000616473
1.58489 0.4104 0.000640053
1.99529 0.51662 0.000645001
2.51191 0.65039 0.000627388
3.1623 0.8188 0.000586988
3.9811 1.0308 0.000528904
5.0119 1.29765 0.000463454
6.30955 1.6338 0.000403311
7.94335 2.05665 0.00035861
10 2.5897 0.000332819
12.5897 3.2592 0.000323022
15.8489 4.1039 0.000324774
19.9528 5.1663 0.000337606
25.1191 6.5038 0.000366721
31.6229 8.1881 0.000420268
39.811 10.308 0.000503867
50.119 12.9765 0.00061437
63.0955 16.338 0.000735808
79.4335 20.5665 0.000841154
100 25.887 0.000901256
125.887 32.601 0.000896617
158.488 41.04 0.000824975
199.528 51.663 0.000700535
251.191 65.038 0.000547197
316.229 81.881 0.000391844
398.11 103.08 0.000258386
501.19 129.775 0.000160415
630.965 163.37 9.76783e-05
794.335 205.665 6.10228e-05
1000 258.86 4.01936e-05
1258.86 326.03 2.7895e-05
1584.89 410.39 2.00615e-05
1995.28 516.64 1.46928e-05
2511.92 650.38 1.08384e-05
3162.3 818.8 8.01059e-06
3981.1 1030.8 5.9205e-06
5011.9 1297.75 4.37326e-06
6309.65 1633.7 3.22849e-06
7943.35 2056.65 2.38218e-06
10000 2588.7 1.75717e-06
12588.7 3260.1 1.29558e-06
15848.8 4104 9.55075e-07
19952.8 5166.4 7.03982e-07
25119.2 6503.7 5.1886e-07
31622.9 8188.1 3.824e-07
39811 10308 2.81829e-07
50119 12977.5 2.07712e-07
63096.5 16336 1.53101e-07
79432.5 20567.5 1.12854e-07
100000 25886 8.32022e-08
125886 32602 6.13404e-08
158488 41040 4.5231e-08
199528 51664 3.33584e-08
251192 65038 2.46066e-08
316230 81880 1.81541e-08
398110 103080 1.33963e-08
501190 129775 9.88747e-09
630965 163360 7.29956e-09
794325 205675 5.39017e-09
1e+06 1.15886e+07 3.98151e-09
1.25886e+07 3.2603e+06 2.94138e-09
1.58489e+07 4.104e+06 2.17367e-09
1.99529e+07 5.1662e+06 1.60685e-09
2.51191e+07 6.5039e+06 1.18821e-09
3.1623e+07 8.188e+06 8.78914e-10
3.9811e+07 1.0308e+07 6.5035e-10
5.0119e+07 1.29765e+07 4.81389e-10
