1e-09 2.6e-10 4.47838e-06
1.26e-09 3.2e-10 6.89266e-06
1.58e-09 4.2e-10 1.06058e-05
2e-09 5.1e-10 1.62944e-05
2.51e-09 6.5e-10 2.49641e-05
3.16e-09 8.2e-10 3.80822e-05
3.98e-09 1.03e-09 5.77391e-05
5.01e-09 1.3e-09 8.68204e-05
6.31e-09 1.63e-09 0.000129122
7.94e-09 2.06e-09 0.000189336
1e-08 2.6e-09 0.000272581
1.26e-08 3.2e-09 0.000383473
1.58e-08 4.2e-09 0.000523767
2e-08 5.1e-09 0.000689174
2.51e-08 6.5e-09 0.000865149
3.16e-08 8.2e-09 0.00102368
3.98e-08 1.03e-08 0.0011247
5.01e-08 1.3e-08 0.00112653
6.31e-08 1.63e-08 0.00100661
7.94e-08 2.06e-08 0.000783705
1e-07 2.6e-08 0.000521965
1.26e-07 3.2e-08 0.000301362
1.58e-07 4.2e-08 0.000169083
2e-07 5.1e-08 0.000117587
2.51e-07 6.5e-08 0.000109398
3.16e-07 8.2e-08 0.000114576
3.98e-07 1.03e-07 0.000121396
5.01e-07 1.3e-07 0.000127505
6.31e-07 1.63e-07 0.000132721
7.94e-07 2.06e-07 0.000137123
1e-06 2.6e-07 0.000140813
1.26e-06 3.2e-07 0.0001439
1.58e-06 4.2e-07 0.000146484
2e-06 5.1e-07 0.000148656
2.51e-06 6.5e-07 0.000150494
3.16e-06 8.2e-07 0.000152063
3.98e-06 1.03e-06 0.000153417
5.01e-06 1.3e-06 0.0001546
6.31e-06 1.63e-06 0.000155646
7.94e-06 2.06e-06 0.000156584
1e-05 2.6e-06 0.000157435
1.26e-05 3.2e-06 0.000158218
1.58e-05 4.2e-06 0.000158947
2e-05 5.1e-06 0.000159634
2.51e-05 6.5e-06 0.000160287
3.16e-05 8.2e-06 0.000160915
3.98e-05 1.03e-05 0.000161525
5.01e-05 1.3e-05 0.000162123
6.31e-05 1.63e-05 0.000162716
7.94e-05 2.06e-05 0.000163308
0.0001 2.5897e-05 0.000163905
0.000125897 3.2591e-05 0.000164514
0.000158488 4.1041e-05 0.000165141
0.000199529 5.1662e-05 0.000165793
0.000251191 6.5038e-05 0.000166478
0.000316229 8.1881e-05 0.000167205
0.00039811 0.00010308 0.000167985
0.00050119 0.000129765 0.000168829
0.000630955 0.00016338 0.000169752
0.000794335 0.000205665 0.000170769
0.001 0.00025896 0.000171899
0.00125896 0.00032592 0.000173165
0.00158488 0.00041041 0.000174592
0.00199529 0.00051662 0.000176209
0.00251191 0.00065039 0.000178053
0.0031623 0.0008188 0.000180164
0.0039811 0.0010308 0.000182592
0.0050119 0.00129765 0.000185394
0.00630955 0.0016338 0.000188639
0.00794335 0.00205665 0.000192406
0.01 0.0025886 0.000196791
0.0125886 0.0032603 0.000201909
0.0158489 0.004104 0.000207892
0.0199529 0.0051663 0.000214901
0.0251192 0.0065037 0.000223127
0.0316229 0.0081881 0.000232795
0.039811 0.010308 0.000244176
0.050119 0.0129765 0.000257586
0.0630955 0.016337 0.0002734
0.0794325 0.0205675 0.000292055
0.1 0.025886 0.000314039
0.125886 0.032602 0.000339926
0.158488 0.041041 0.000370297
0.199529 0.051662 0.000405746
0.251191 0.065038 0.000446791
0.316229 0.081881 0.000493758
0.39811 0.10308 0.000546584
0.50119 0.129775 0.000604564
0.630965 0.16336 0.000666002
0.794325 0.205675 0.000727889
1 0.25886 0.000785555
1.25886 0.32603 0.000832753
1.58489 0.4104 0.000862018
1.99529 0.51662 0.000866083
2.51191 0.65039 0.000840015
3.1623 0.8188 0.000783879
3.9811 1.0308 0.0007048
5.0119 1.29765 0.000616681
6.30955 1.6338 0.000536346
7.94335 2.05665 0.00047707
10 2.5897 0.000443239
12.5897 3.2592 0.000430828
15.8489 4.1039 0.000433836
19.9528 5.1663 0.000451474
25.1191 6.5038 0.000490348
31.6229 8.1881 0.000560898
39.811 10.308 0.000670354
50.119 12.9765 0.000814706
63.0955 16.338 0.000973452
79.4335 20.5665 0.00111168
100 25.887 0.00119136
125.887 32.601 0.00118646
158.488 41.04 0.00109337
199.528 51.663 0.000930689
251.191 65.038 0.000730653
316.229 81.881 0.000528805
398.11 103.08 0.000355103
501.19 129.775 0.000225987
630.965 163.37 0.000141431
794.335 205.665 9.05701e-05
1000 258.86 6.07074e-05
1258.86 326.03 4.25078e-05
1584.89 410.39 3.06343e-05
1995.28 516.64 2.23899e-05
2511.92 650.38 1.64466e-05
3162.3 818.8 1.20914e-05
3981.1 1030.8 8.88454e-06
5011.9 1297.75 6.5224e-06
6309.65 1633.7 4.78444e-06
7943.35 2056.65 3.5072e-06
10000 2588.7 2.56972e-06
12588.7 3260.1 1.88171e-06
15848.8 4104 1.37747e-06
19952.8 5166.4 1.00808e-06
25119.2 6503.7 7.37575e-07
31622.9 8188.1 5.39546e-07
39811 10308 3.94622e-07
50119 12977.5 2.88582e-07
63096.5 16336 2.11019e-07
79432.5 20567.5 1.54285e-07
100000 25886 1.12802e-07
125886 32602 8.2456e-08
158488 41040 6.02722e-08
199528 51664 4.40555e-08
251192 65038 3.22006e-08
316230 81880 2.35345e-08
398110 103080 1.72e-08
501190 129775 1.25699e-08
630965 163360 9.18613e-09
794325 205675 6.7129e-09
1e+06 1.15886e+07 4.90573e-09
1.25886e+07 3.2603e+06 3.58447e-09
1.58489e+07 4.104e+06 2.6191e-09
1.99529e+07 5.1662e+06 1.91372e-09
2.51191e+07 6.5039e+06 1.39828e-09
3.1623e+07 8.188e+06 1.02164e-09
3.9811e+07 1.0308e+07 7.46429e-10
5.0119e+07 1.29765e+07 5.45336e-10
