1e-09 2.6e-10 4.82868e-06
1.26e-09 3.2e-10 7.42727e-06
1.58e-09 4.2e-10 1.14224e-05
2e-09 5.1e-10 1.75411e-05
2.51e-09 6.5e-10 2.68638e-05
3.16e-09 8.2e-10 4.09669e-05
3.98e-09 1.03e-09 6.2096e-05
5.01e-09 1.3e-09 9.33507e-05
6.31e-09 1.63e-09 0.000138809
7.94e-09 2.06e-09 0.000203509
1e-08 2.6e-09 0.000292951
1.26e-08 3.2e-09 0.000412094
1.58e-08 4.2e-09 0.000562828
2e-08 5.1e-09 0.000740552
2.51e-08 6.5e-09 0.000929656
3.16e-08 8.2e-09 0.00110008
3.98e-08 1.03e-08 0.00120879
5.01e-08 1.3e-08 0.00121107
6.31e-08 1.63e-08 0.00108268
7.94e-08 2.06e-08 0.000843773
1e-07 2.6e-08 0.000563193
1.26e-07 3.2e-08 0.000326786
1.58e-07 4.2e-08 0.000185195
2e-07 5.1e-08 0.000130311
2.51e-07 6.5e-08 0.000121891
3.16e-07 8.2e-08 0.000127785
3.98e-07 1.03e-07 0.000135403
5.01e-07 1.3e-07 0.000142216
6.31e-07 1.63e-07 0.000148035
7.94e-07 2.06e-07 0.000152945
1e-06 2.6e-07 0.00015706
1.26e-06 3.2e-07 0.000160504
1.58e-06 4.2e-07 0.000163386
2e-06 5.1e-07 0.000165808
2.51e-06 6.5e-07 0.000167858
3.16e-06 8.2e-07 0.000169608
3.98e-06 1.03e-06 0.000171118
5.01e-06 1.3e-06 0.000172437
6.31e-06 1.63e-06 0.000173604
7.94e-06 2.06e-06 0.00017465
1e-05 2.6e-06 0.0001756
1.26e-05 3.2e-06 0.000176473
1.58e-05 4.2e-06 0.000177286
2e-05 5.1e-06 0.000178052
2.51e-05 6.5e-06 0.00017878
3.16e-05 8.2e-06 0.000179481
3.98e-05 1.03e-05 0.000180161
5.01e-05 1.3e-05 0.000180828
6.31e-05 1.63e-05 0.000181488
7.94e-05 2.06e-05 0.000182148
0.0001 2.5897e-05 0.000182814
0.000125897 3.2591e-05 0.000183493
0.000158488 4.1041e-05 0.000184192
0.000199529 5.1662e-05 0.000184918
0.000251191 6.5038e-05 0.000185682
0.000316229 8.1881e-05 0.000186492
0.00039811 0.00010308 0.00018736
0.00050119 0.000129765 0.000188301
0.000630955 0.00016338 0.000189329
0.000794335 0.000205665 0.000190461
0.001 0.00025896 0.00019172
0.00125896 0.00032592 0.000193129
0.00158488 0.00041041 0.000194718
0.00199529 0.00051662 0.000196519
0.00251191 0.00065039 0.000198571
0.0031623 0.0008188 0.000200921
0.0039811 0.0010308 0.000203624
0.0050119 0.00129765 0.000206742
0.00630955 0.0016338 0.000210352
0.00794335 0.00205665 0.000214544
0.01 0.0025886 0.000219421
0.0125886 0.0032603 0.000225113
0.0158489 0.004104 0.000231765
0.0199529 0.0051663 0.000239555
0.0251192 0.0065037 0.000248693
0.0316229 0.0081881 0.000259427
0.039811 0.010308 0.000272053
0.050119 0.0129765 0.000286915
0.0630955 0.016337 0.00030442
0.0794325 0.0205675 0.000325036
0.1 0.025886 0.000349282
0.125886 0.032602 0.000377759
0.158488 0.041041 0.00041106
0.199529 0.051662 0.00044977
0.251191 0.065038 0.000494367
0.316229 0.081881 0.000545082
0.39811 0.10308 0.000601691
0.50119 0.129775 0.000663241
0.630965 0.16336 0.000727702
0.794325 0.205675 0.000791648
1 0.25886 0.000849958
1.25886 0.32603 0.000895974
1.58489 0.4104 0.000921963
1.99529 0.51662 0.000920658
2.51191 0.65039 0.000887479
3.1623 0.8188 0.000823202
3.9811 1.0308 0.000735898
5.0119 1.29765 0.000640412
6.30955 1.6338 0.000554209
7.94335 2.05665 0.000490729
10 2.5897 0.000454083
12.5897 3.2592 0.000439789
15.8489 4.1039 0.000441473
19.9528 5.1663 0.000458174
25.1191 6.5038 0.000496463
31.6229 8.1881 0.000566759
39.811 10.308 0.000676211
50.119 12.9765 0.000820646
63.0955 16.338 0.000979365
79.4335 20.5665 0.0011173
100 25.887 0.00119636
125.887 32.601 0.0011906
158.488 41.04 0.00109653
199.528 51.663 0.00093292
251.191 65.038 0.000732105
316.229 81.881 0.000529675
398.11 103.08 0.000355587
501.19 129.775 0.000226241
630.965 163.37 0.000141563
794.335 205.665 9.064e-05
1000 258.86 6.07462e-05
1258.86 326.03 4.25302e-05
1584.89 410.39 3.06477e-05
1995.28 516.64 2.2398e-05
2511.92 650.38 1.64515e-05
3162.3 818.8 1.20944e-05
3981.1 1030.8 8.88635e-06
5011.9 1297.75 6.5235e-06
6309.65 1633.7 4.78511e-06
7943.35 2056.65 3.5076e-06
10000 2588.7 2.56996e-06
12588.7 3260.1 1.88186e-06
15848.8 4104 1.37756e-06
19952.8 5166.4 1.00813e-06
25119.2 6503.7 7.37608e-07
31622.9 8188.1 5.39566e-07
39811 10308 3.94634e-07
50119 12977.5 2.88589e-07
63096.5 16336 2.11024e-07
79432.5 20567.5 1.54287e-07
100000 25886 1.12804e-07
125886 32602 8.2457e-08
158488 41040 6.02728e-08
199528 51664 4.40558e-08
251192 65038 3.22008e-08
316230 81880 2.35346e-08
398110 103080 1.72001e-08
501190 129775 1.25699e-08
630965 163360 9.18616e-09
794325 205675 6.71292e-09
1e+06 1.15886e+07 4.90574e-09
1.25886e+07 3.2603e+06 3.58448e-09
1.58489e+07 4.104e+06 2.6191e-09
1.99529e+07 5.1662e+06 1.91372e-09
2.51191e+07 6.5039e+06 1.39828e-09
3.1623e+07 8.188e+06 1.02164e-09
3.9811e+07 1.0308e+07 7.46429e-10
5.0119e+07 1.29765e+07 5.45336e-10
