1e-09 2.6e-10 5.50218e-06
1.26e-09 3.2e-10 8.44099e-06
1.58e-09 4.2e-10 1.2952e-05
2e-09 5.1e-10 1.98512e-05
2.51e-09 6.5e-10 3.03511e-05
3.16e-09 8.2e-10 4.622e-05
3.98e-09 1.03e-09 6.99756e-05
5.01e-09 1.3e-09 0.000105093
6.31e-09 1.63e-09 0.000156143
7.94e-09 2.06e-09 0.000228774
1e-08 2.6e-09 0.000329152
1.26e-08 3.2e-09 0.000462842
1.58e-08 4.2e-09 0.000631981
2e-08 5.1e-09 0.000831449
2.51e-08 6.5e-09 0.00104382
3.16e-08 8.2e-09 0.00123549
3.98e-08 1.03e-08 0.00135837
5.01e-08 1.3e-08 0.00136246
6.31e-08 1.63e-08 0.00122064
7.94e-08 2.06e-08 0.000955414
1e-07 2.6e-08 0.000643704
1.26e-07 3.2e-08 0.000381436
1.58e-07 4.2e-08 0.000225169
2e-07 5.1e-08 0.000165766
2.51e-07 6.5e-08 0.000158177
3.16e-07 8.2e-08 0.000166417
3.98e-07 1.03e-07 0.000176391
5.01e-07 1.3e-07 0.000185269
6.31e-07 1.63e-07 0.000192848
7.94e-07 2.06e-07 0.000199245
1e-06 2.6e-07 0.000204606
1.26e-06 3.2e-07 0.000209092
1.58e-06 4.2e-07 0.000212847
2e-06 5.1e-07 0.000216002
2.51e-06 6.5e-07 0.000218672
3.16e-06 8.2e-07 0.000220952
3.98e-06 1.03e-06 0.000222919
5.01e-06 1.3e-06 0.000224637
6.31e-06 1.63e-06 0.000226157
7.94e-06 2.06e-06 0.000227519
1e-05 2.6e-06 0.000228756
1.26e-05 3.2e-06 0.000229893
1.58e-05 4.2e-06 0.000230951
2e-05 5.1e-06 0.000231947
2.51e-05 6.5e-06 0.000232895
3.16e-05 8.2e-06 0.000233806
3.98e-05 1.03e-05 0.000234691
5.01e-05 1.3e-05 0.000235558
6.31e-05 1.63e-05 0.000236415
7.94e-05 2.06e-05 0.000237272
0.0001 2.5897e-05 0.000238136
0.000125897 3.2591e-05 0.000239016
0.000158488 4.1041e-05 0.000239921
0.000199529 5.1662e-05 0.00024086
0.000251191 6.5038e-05 0.000241847
0.000316229 8.1881e-05 0.000242893
0.00039811 0.00010308 0.000244013
0.00050119 0.000129765 0.000245224
0.000630955 0.00016338 0.000246546
0.000794335 0.000205665 0.000248002
0.001 0.00025896 0.000249617
0.00125896 0.00032592 0.000251423
0.00158488 0.00041041 0.000253456
0.00199529 0.00051662 0.000255757
0.00251191 0.00065039 0.000258377
0.0031623 0.0008188 0.000261372
0.0039811 0.0010308 0.000264811
0.0050119 0.00129765 0.000268774
0.00630955 0.0016338 0.000273354
0.00794335 0.00205665 0.000278662
0.01 0.0025886 0.000284825
0.0125886 0.0032603 0.000292003
0.0158489 0.004104 0.000300372
0.0199529 0.0051663 0.000310144
0.0251192 0.0065037 0.000321571
0.0316229 0.0081881 0.000334945
0.039811 0.010308 0.000350609
0.050119 0.0129765 0.000368958
0.0630955 0.016337 0.000390444
0.0794325 0.0205675 0.000415577
0.1 0.025886 0.000444901
0.125886 0.032602 0.000479022
0.158488 0.041041 0.00051849
0.199529 0.051662 0.000563785
0.251191 0.065038 0.000615198
0.316229 0.081881 0.000672656
0.39811 0.10308 0.000735498
0.50119 0.129775 0.000802195
0.630965 0.16336 0.000870012
0.794325 0.205675 0.000934754
1 0.25886 0.000990565
1.25886 0.32603 0.00103024
1.58489 0.4104 0.00104588
1.99529 0.51662 0.00103059
2.51191 0.65039 0.000980767
3.1623 0.8188 0.000898747
3.9811 1.0308 0.00079441
5.0119 1.29765 0.00068423
6.30955 1.6338 0.000586643
7.94335 2.05665 0.000515164
10 2.5897 0.000473233
12.5897 3.2592 0.000455436
15.8489 4.1039 0.000454679
19.9528 5.1663 0.000469665
25.1191 6.5038 0.000506877
31.6229 8.1881 0.000576684
39.811 10.308 0.000686078
50.119 12.9765 0.000830611
63.0955 16.338 0.000989248
79.4335 20.5665 0.00112666
100 25.887 0.00120468
125.887 32.601 0.00119746
158.488 41.04 0.00110176
199.528 51.663 0.00093661
251.191 65.038 0.000734502
316.229 81.881 0.000531111
398.11 103.08 0.000356384
501.19 129.775 0.000226661
630.965 163.37 0.00014178
794.335 205.665 9.0755e-05
1000 258.86 6.08099e-05
1258.86 326.03 4.25671e-05
1584.89 410.39 3.06696e-05
1995.28 516.64 2.24113e-05
2511.92 650.38 1.64596e-05
3162.3 818.8 1.20993e-05
3981.1 1030.8 8.88932e-06
5011.9 1297.75 6.5253e-06
6309.65 1633.7 4.7862e-06
7943.35 2056.65 3.50826e-06
10000 2588.7 2.57036e-06
12588.7 3260.1 1.8821e-06
15848.8 4104 1.3777e-06
19952.8 5166.4 1.00822e-06
25119.2 6503.7 7.37662e-07
31622.9 8188.1 5.39599e-07
39811 10308 3.94653e-07
50119 12977.5 2.88601e-07
63096.5 16336 2.11031e-07
79432.5 20567.5 1.54292e-07
100000 25886 1.12806e-07
125886 32602 8.24585e-08
158488 41040 6.02737e-08
199528 51664 4.40564e-08
251192 65038 3.22011e-08
316230 81880 2.35348e-08
398110 103080 1.72002e-08
501190 129775 1.257e-08
630965 163360 9.18621e-09
794325 205675 6.71295e-09
1e+06 1.15886e+07 4.90576e-09
1.25886e+07 3.2603e+06 3.58449e-09
1.58489e+07 4.104e+06 2.61911e-09
1.99529e+07 5.1662e+06 1.91372e-09
2.51191e+07 6.5039e+06 1.39829e-09
3.1623e+07 8.188e+06 1.02164e-09
3.9811e+07 1.0308e+07 7.4643e-10
5.0119e+07 1.29765e+07 5.45336e-10
