1e-09 2.6e-10 5.31713e-06
1.26e-09 3.2e-10 8.16519e-06
1.58e-09 4.2e-10 1.25396e-05
2e-09 5.1e-10 1.92333e-05
2.51e-09 6.5e-10 2.94249e-05
3.16e-09 8.2e-10 4.48333e-05
3.98e-09 1.03e-09 6.79066e-05
5.01e-09 1.3e-09 0.000102024
6.31e-09 1.63e-09 0.000151629
7.94e-09 2.06e-09 0.000222216
1e-08 2.6e-09 0.000319778
1.26e-08 3.2e-09 0.000449726
1.58e-08 4.2e-09 0.00061413
2e-08 5.1e-09 0.000807997
2.51e-08 6.5e-09 0.00101436
3.16e-08 8.2e-09 0.0012005
3.98e-08 1.03e-08 0.00131961
5.01e-08 1.3e-08 0.00132302
6.31e-08 1.63e-08 0.00118434
7.94e-08 2.06e-08 0.000925483
1e-07 2.6e-08 0.000621342
1.26e-07 3.2e-08 0.000365306
1.58e-07 4.2e-08 0.000212448
2e-07 5.1e-08 0.000153901
2.51e-07 6.5e-08 0.000145837
3.16e-07 8.2e-08 0.000153245
3.98e-07 1.03e-07 0.000162412
5.01e-07 1.3e-07 0.000170587
6.31e-07 1.63e-07 0.000177565
7.94e-07 2.06e-07 0.000183455
1e-06 2.6e-07 0.000188391
1.26e-06 3.2e-07 0.000192522
1.58e-06 4.2e-07 0.000195979
2e-06 5.1e-07 0.000198885
2.51e-06 6.5e-07 0.000201343
3.16e-06 8.2e-07 0.000203442
3.98e-06 1.03e-06 0.000205254
5.01e-06 1.3e-06 0.000206836
6.31e-06 1.63e-06 0.000208235
7.94e-06 2.06e-06 0.000209489
1e-05 2.6e-06 0.000210628
1.26e-05 3.2e-06 0.000211675
1.58e-05 4.2e-06 0.00021265
2e-05 5.1e-06 0.000213568
2.51e-05 6.5e-06 0.000214441
3.16e-05 8.2e-06 0.00021528
3.98e-05 1.03e-05 0.000216095
5.01e-05 1.3e-05 0.000216894
6.31e-05 1.63e-05 0.000217685
7.94e-05 2.06e-05 0.000218475
0.0001 2.5897e-05 0.000219272
0.000125897 3.2591e-05 0.000220084
0.000158488 4.1041e-05 0.000220919
0.000199529 5.1662e-05 0.000221787
0.000251191 6.5038e-05 0.000222698
0.000316229 8.1881e-05 0.000223665
0.00039811 0.00010308 0.0002247
0.00050119 0.000129765 0.000225821
0.000630955 0.00016338 0.000227045
0.000794335 0.000205665 0.000228392
0.001 0.00025896 0.000229889
0.00125896 0.00032592 0.000231563
0.00158488 0.00041041 0.000233449
0.00199529 0.00051662 0.000235585
0.00251191 0.00065039 0.000238018
0.0031623 0.0008188 0.000240802
0.0039811 0.0010308 0.000244
0.0050119 0.00129765 0.000247688
0.00630955 0.0016338 0.000251953
0.00794335 0.00205665 0.000256899
0.01 0.0025886 0.000262648
0.0125886 0.0032603 0.000269349
0.0158489 0.004104 0.000277169
0.0199529 0.0051663 0.000286312
0.0251192 0.0065037 0.000297016
0.0316229 0.0081881 0.000309563
0.039811 0.010308 0.000324281
0.050119 0.0129765 0.000341554
0.0630955 0.016337 0.000361826
0.0794325 0.0205675 0.000385597
0.1 0.025886 0.000413412
0.125886 0.032602 0.000445883
0.158488 0.041041 0.000483583
0.199529 0.051662 0.000527037
0.251191 0.065038 0.000576604
0.316229 0.081881 0.000632313
0.39811 0.10308 0.00069364
0.50119 0.129775 0.000759229
0.630965 0.16336 0.000826541
0.794325 0.205675 0.000891588
1 0.25886 0.000948692
1.25886 0.32603 0.000990763
1.58489 0.4104 0.0010099
1.99529 0.51662 0.000999043
2.51191 0.65039 0.0009543
3.1623 0.8188 0.000877537
3.9811 1.0308 0.000778139
5.0119 1.29765 0.00067215
6.30955 1.6338 0.00057777
7.94335 2.05665 0.000508525
10 2.5897 0.00046806
12.5897 3.2592 0.000451231
15.8489 4.1039 0.000451146
19.9528 5.1663 0.000466603
25.1191 6.5038 0.00050411
31.6229 8.1881 0.000574054
39.811 10.308 0.00068347
50.119 12.9765 0.000827982
63.0955 16.338 0.000986645
79.4335 20.5665 0.0011242
100 25.887 0.00120249
125.887 32.601 0.00119566
158.488 41.04 0.00110039
199.528 51.663 0.000935643
251.191 65.038 0.000733874
316.229 81.881 0.000530735
398.11 103.08 0.000356175
501.19 129.775 0.000226551
630.965 163.37 0.000141723
794.335 205.665 9.07249e-05
1000 258.86 6.07932e-05
1258.86 326.03 4.25575e-05
1584.89 410.39 3.06639e-05
1995.28 516.64 2.24078e-05
2511.92 650.38 1.64575e-05
3162.3 818.8 1.2098e-05
3981.1 1030.8 8.88855e-06
5011.9 1297.75 6.52483e-06
6309.65 1633.7 4.78591e-06
7943.35 2056.65 3.50809e-06
10000 2588.7 2.57026e-06
12588.7 3260.1 1.88204e-06
15848.8 4104 1.37766e-06
19952.8 5166.4 1.0082e-06
25119.2 6503.7 7.37648e-07
31622.9 8188.1 5.3959e-07
39811 10308 3.94648e-07
50119 12977.5 2.88598e-07
63096.5 16336 2.11029e-07
79432.5 20567.5 1.54291e-07
100000 25886 1.12806e-07
125886 32602 8.24581e-08
158488 41040 6.02735e-08
199528 51664 4.40563e-08
251192 65038 3.2201e-08
316230 81880 2.35347e-08
398110 103080 1.72002e-08
501190 129775 1.257e-08
630965 163360 9.1862e-09
794325 205675 6.71294e-09
1e+06 1.15886e+07 4.90576e-09
1.25886e+07 3.2603e+06 3.58449e-09
1.58489e+07 4.104e+06 2.61911e-09
1.99529e+07 5.1662e+06 1.91372e-09
2.51191e+07 6.5039e+06 1.39829e-09
3.1623e+07 8.188e+06 1.02164e-09
3.9811e+07 1.0308e+07 7.4643e-10
5.0119e+07 1.29765e+07 5.45336e-10
