1e-09 2.6e-10 6.05475e-06
1.26e-09 3.2e-10 9.222e-06
1.58e-09 4.2e-10 1.40616e-05
2e-09 5.1e-10 2.1435e-05
2.51e-09 6.5e-10 3.26199e-05
3.16e-09 8.2e-10 4.94778e-05
3.98e-09 1.03e-09 7.46569e-05
5.01e-09 1.3e-09 0.00011181
6.31e-09 1.63e-09 0.000165739
7.94e-09 2.06e-09 0.00024238
1e-08 2.6e-09 0.000348217
1.26e-08 3.2e-09 0.000489118
1.58e-08 4.2e-09 0.000667381
2e-08 5.1e-09 0.00087774
2.51e-08 6.5e-09 0.00110209
3.16e-08 8.2e-09 0.00130545
3.98e-08 1.03e-08 0.0014377
5.01e-08 1.3e-08 0.00144668
6.31e-08 1.63e-08 0.00130406
7.94e-08 2.06e-08 0.00103321
1e-07 2.6e-08 0.000714228
1.26e-07 3.2e-08 0.000446975
1.58e-07 4.2e-08 0.000290241
2e-07 5.1e-08 0.00023429
2.51e-07 6.5e-08 0.00023196
3.16e-07 8.2e-08 0.000245603
3.98e-07 1.03e-07 0.00026046
5.01e-07 1.3e-07 0.000273576
6.31e-07 1.63e-07 0.000284768
7.94e-07 2.06e-07 0.000294213
1e-06 2.6e-07 0.000302129
1.26e-06 3.2e-07 0.000308753
1.58e-06 4.2e-07 0.000314297
2e-06 5.1e-07 0.000318956
2.51e-06 6.5e-07 0.000322897
3.16e-06 8.2e-07 0.000326263
3.98e-06 1.03e-06 0.000329167
5.01e-06 1.3e-06 0.000331702
6.31e-06 1.63e-06 0.000333945
7.94e-06 2.06e-06 0.000335954
1e-05 2.6e-06 0.000337778
1.26e-05 3.2e-06 0.000339454
1.58e-05 4.2e-06 0.000341014
2e-05 5.1e-06 0.00034248
2.51e-05 6.5e-06 0.000343875
3.16e-05 8.2e-06 0.000345214
3.98e-05 1.03e-05 0.000346513
5.01e-05 1.3e-05 0.000347784
6.31e-05 1.63e-05 0.00034904
7.94e-05 2.06e-05 0.000350291
0.0001 2.5897e-05 0.000351551
0.000125897 3.2591e-05 0.000352831
0.000158488 4.1041e-05 0.000354143
0.000199529 5.1662e-05 0.000355502
0.000251191 6.5038e-05 0.000356924
0.000316229 8.1881e-05 0.000358427
0.00039811 0.00010308 0.000360029
0.00050119 0.000129765 0.000361755
0.000630955 0.00016338 0.000363631
0.000794335 0.000205665 0.000365688
0.001 0.00025896 0.000367961
0.00125896 0.00032592 0.00037049
0.00158488 0.00041041 0.000373324
0.00199529 0.00051662 0.000376518
0.00251191 0.00065039 0.000380135
0.0031623 0.0008188 0.000384252
0.0039811 0.0010308 0.000388954
0.0050119 0.00129765 0.000394343
0.00630955 0.0016338 0.000400536
0.00794335 0.00205665 0.000407671
0.01 0.0025886 0.000415902
0.0125886 0.0032603 0.000425422
0.0158489 0.004104 0.000436438
0.0199529 0.0051663 0.000449196
0.0251192 0.0065037 0.000463978
0.0316229 0.0081881 0.000481108
0.039811 0.010308 0.000500949
0.050119 0.0129765 0.000523907
0.0630955 0.016337 0.000550428
0.0794325 0.0205675 0.000580986
0.1 0.025886 0.000616051
0.125886 0.032602 0.000656107
0.158488 0.041041 0.000701506
0.199529 0.051662 0.000752457
0.251191 0.065038 0.000808877
0.316229 0.081881 0.000870223
0.39811 0.10308 0.000935269
0.50119 0.129775 0.00100185
0.630965 0.16336 0.0010666
0.794325 0.205675 0.00112474
1 0.25886 0.00117002
1.25886 0.32603 0.00119515
1.58489 0.4104 0.00119258
1.99529 0.51662 0.0011563
2.51191 0.65039 0.00108409
3.1623 0.8188 0.000979999
3.9811 1.0308 0.000855702
5.0119 1.29765 0.000729063
6.30955 1.6338 0.000619149
7.94335 2.05665 0.000539214
10 2.5897 0.000491788
12.5897 3.2592 0.000470395
15.8489 4.1039 0.00046716
19.9528 5.1663 0.000480419
25.1191 6.5038 0.000516543
31.6229 8.1881 0.000585829
39.811 10.308 0.000695117
50.119 12.9765 0.000839693
63.0955 16.338 0.000998218
79.4335 20.5665 0.00113513
100 25.887 0.00121218
125.887 32.601 0.00120363
158.488 41.04 0.00110646
199.528 51.663 0.000939915
251.191 65.038 0.000736646
316.229 81.881 0.000532393
398.11 103.08 0.000357095
501.19 129.775 0.000227035
630.965 163.37 0.000141974
794.335 205.665 9.08573e-05
1000 258.86 6.08665e-05
1258.86 326.03 4.25999e-05
1584.89 410.39 3.06892e-05
1995.28 516.64 2.24231e-05
2511.92 650.38 1.64667e-05
3162.3 818.8 1.21036e-05
3981.1 1030.8 8.89196e-06
5011.9 1297.75 6.5269e-06
6309.65 1633.7 4.78717e-06
7943.35 2056.65 3.50885e-06
10000 2588.7 2.57072e-06
12588.7 3260.1 1.88231e-06
15848.8 4104 1.37783e-06
19952.8 5166.4 1.0083e-06
25119.2 6503.7 7.37709e-07
31622.9 8188.1 5.39627e-07
39811 10308 3.94671e-07
50119 12977.5 2.88612e-07
63096.5 16336 2.11037e-07
79432.5 20567.5 1.54296e-07
100000 25886 1.12809e-07
125886 32602 8.24599e-08
158488 41040 6.02746e-08
199528 51664 4.40569e-08
251192 65038 3.22014e-08
316230 81880 2.3535e-08
398110 103080 1.72003e-08
501190 129775 1.25701e-08
630965 163360 9.18625e-09
794325 205675 6.71297e-09
1e+06 1.15886e+07 4.90578e-09
1.25886e+07 3.2603e+06 3.5845e-09
1.58489e+07 4.104e+06 2.61911e-09
1.99529e+07 5.1662e+06 1.91373e-09
2.51191e+07 6.5039e+06 1.39829e-09
3.1623e+07 8.188e+06 1.02164e-09
3.9811e+07 1.0308e+07 7.46431e-10
5.0119e+07 1.29765e+07 5.45337e-10
