1e-09 2.6e-10 4.9065e-06
1.26e-09 3.2e-10 7.54552e-06
1.58e-09 4.2e-10 1.16024e-05
2e-09 5.1e-10 1.78149e-05
2.51e-09 6.5e-10 2.72799e-05
3.16e-09 8.2e-10 4.15972e-05
3.98e-09 1.03e-09 6.3046e-05
5.01e-09 1.3e-09 9.47721e-05
6.31e-09 1.63e-09 0.000140914
7.94e-09 2.06e-09 0.000206587
1e-08 2.6e-09 0.00029737
1.26e-08 3.2e-09 0.000418299
1.58e-08 4.2e-09 0.000571292
2e-08 5.1e-09 0.000751682
2.51e-08 6.5e-09 0.000943632
3.16e-08 8.2e-09 0.00111664
3.98e-08 1.03e-08 0.00122704
5.01e-08 1.3e-08 0.00122945
6.31e-08 1.63e-08 0.00109928
7.94e-08 2.06e-08 0.000856978
1e-07 2.6e-08 0.000572395
1.26e-07 3.2e-08 0.00033264
1.58e-07 4.2e-08 0.000189096
2e-07 5.1e-08 0.000133531
2.51e-07 6.5e-08 0.000125105
3.16e-07 8.2e-08 0.000131193
3.98e-07 1.03e-07 0.000139017
5.01e-07 1.3e-07 0.000146013
6.31e-07 1.63e-07 0.000151986
7.94e-07 2.06e-07 0.000157028
1e-06 2.6e-07 0.000161253
1.26e-06 3.2e-07 0.000164788
1.58e-06 4.2e-07 0.000167748
2e-06 5.1e-07 0.000170235
2.51e-06 6.5e-07 0.000172339
3.16e-06 8.2e-07 0.000174136
3.98e-06 1.03e-06 0.000175686
5.01e-06 1.3e-06 0.000177041
6.31e-06 1.63e-06 0.000178239
7.94e-06 2.06e-06 0.000179313
1e-05 2.6e-06 0.000180287
1.26e-05 3.2e-06 0.000181184
1.58e-05 4.2e-06 0.000182019
2e-05 5.1e-06 0.000182805
2.51e-05 6.5e-06 0.000183552
3.16e-05 8.2e-06 0.000184272
3.98e-05 1.03e-05 0.00018497
5.01e-05 1.3e-05 0.000185655
6.31e-05 1.63e-05 0.000186333
7.94e-05 2.06e-05 0.00018701
0.0001 2.5897e-05 0.000187694
0.000125897 3.2591e-05 0.00018839
0.000158488 4.1041e-05 0.000189107
0.000199529 5.1662e-05 0.000189853
0.000251191 6.5038e-05 0.000190636
0.000316229 8.1881e-05 0.000191468
0.00039811 0.00010308 0.000192359
0.00050119 0.000129765 0.000193324
0.000630955 0.00016338 0.000194379
0.000794335 0.000205665 0.000195541
0.001 0.00025896 0.000196832
0.00125896 0.00032592 0.000198278
0.00158488 0.00041041 0.000199907
0.00199529 0.00051662 0.000201754
0.00251191 0.00065039 0.000203859
0.0031623 0.0008188 0.000206269
0.0039811 0.0010308 0.00020904
0.0050119 0.00129765 0.000212238
0.00630955 0.0016338 0.00021594
0.00794335 0.00205665 0.000220237
0.01 0.0025886 0.000225236
0.0125886 0.0032603 0.00023107
0.0158489 0.004104 0.000237888
0.0199529 0.0051663 0.00024587
0.0251192 0.0065037 0.000255231
0.0316229 0.0081881 0.000266226
0.039811 0.010308 0.000279154
0.050119 0.0129765 0.000294367
0.0630955 0.016337 0.000312279
0.0794325 0.0205675 0.000333362
0.1 0.025886 0.000358142
0.125886 0.032602 0.000387224
0.158488 0.041041 0.000421202
0.199529 0.051662 0.000460654
0.251191 0.065038 0.000506046
0.316229 0.081881 0.000557582
0.39811 0.10308 0.000614994
0.50119 0.129775 0.000677273
0.630965 0.16336 0.000742307
0.794325 0.205675 0.000806582
1 0.25886 0.000864879
1.25886 0.32603 0.000910459
1.58489 0.4104 0.000935547
1.99529 0.51662 0.000932894
2.51191 0.65039 0.000898011
3.1623 0.8188 0.000831844
3.9811 1.0308 0.000742672
5.0119 1.29765 0.00064554
6.30955 1.6338 0.000558041
7.94335 2.05665 0.00049364
10 2.5897 0.000456381
12.5897 3.2592 0.000441678
15.8489 4.1039 0.000443076
19.9528 5.1663 0.000459575
25.1191 6.5038 0.000497737
31.6229 8.1881 0.000567978
39.811 10.308 0.000677426
50.119 12.9765 0.000821876
63.0955 16.338 0.000980587
79.4335 20.5665 0.00111846
100 25.887 0.00119739
125.887 32.601 0.00119145
158.488 41.04 0.00109718
199.528 51.663 0.000933379
251.191 65.038 0.000732403
316.229 81.881 0.000529854
398.11 103.08 0.000355686
501.19 129.775 0.000226294
630.965 163.37 0.00014159
794.335 205.665 9.06543e-05
1000 258.86 6.07541e-05
1258.86 326.03 4.25348e-05
1584.89 410.39 3.06504e-05
1995.28 516.64 2.23997e-05
2511.92 650.38 1.64525e-05
3162.3 818.8 1.2095e-05
3981.1 1030.8 8.88672e-06
5011.9 1297.75 6.52372e-06
6309.65 1633.7 4.78524e-06
7943.35 2056.65 3.50768e-06
10000 2588.7 2.57001e-06
12588.7 3260.1 1.88189e-06
15848.8 4104 1.37757e-06
19952.8 5166.4 1.00814e-06
25119.2 6503.7 7.37615e-07
31622.9 8188.1 5.3957e-07
39811 10308 3.94636e-07
50119 12977.5 2.88591e-07
63096.5 16336 2.11025e-07
79432.5 20567.5 1.54288e-07
100000 25886 1.12804e-07
125886 32602 8.24572e-08
158488 41040 6.02729e-08
199528 51664 4.40559e-08
251192 65038 3.22008e-08
316230 81880 2.35346e-08
398110 103080 1.72001e-08
501190 129775 1.25699e-08
630965 163360 9.18617e-09
794325 205675 6.71292e-09
1e+06 1.15886e+07 4.90575e-09
1.25886e+07 3.2603e+06 3.58448e-09
1.58489e+07 4.104e+06 2.6191e-09
1.99529e+07 5.1662e+06 1.91372e-09
2.51191e+07 6.5039e+06 1.39828e-09
3.1623e+07 8.188e+06 1.02164e-09
3.9811e+07 1.0308e+07 7.46429e-10
5.0119e+07 1.29765e+07 5.45336e-10
