1e-09 2.6e-10 4.16374e-06
1.26e-09 3.2e-10 6.41003e-06
1.58e-09 4.2e-10 9.86539e-06
2e-09 5.1e-10 1.51597e-05
2.51e-09 6.5e-10 2.32293e-05
3.16e-09 8.2e-10 3.54406e-05
3.98e-09 1.03e-09 5.374e-05
5.01e-09 1.3e-09 8.08148e-05
6.31e-09 1.63e-09 0.0001202
7.94e-09 2.06e-09 0.000176264
1e-08 2.6e-09 0.000253774
1.26e-08 3.2e-09 0.000357027
1.58e-08 4.2e-09 0.000487657
2e-08 5.1e-09 0.000641667
2.51e-08 6.5e-09 0.000805508
3.16e-08 8.2e-09 0.000953088
3.98e-08 1.03e-08 0.00104708
5.01e-08 1.3e-08 0.00104867
6.31e-08 1.63e-08 0.000936845
7.94e-08 2.06e-08 0.000729089
1e-07 2.6e-08 0.000485148
1.26e-07 3.2e-08 0.00027952
1.58e-07 4.2e-08 0.000156161
2e-07 5.1e-08 0.000108051
2.51e-07 6.5e-08 0.00010029
3.16e-07 8.2e-08 0.000104992
3.98e-07 1.03e-07 0.000111238
5.01e-07 1.3e-07 0.000116835
6.31e-07 1.63e-07 0.000121615
7.94e-07 2.06e-07 0.000125648
1e-06 2.6e-07 0.00012903
1.26e-06 3.2e-07 0.000131859
1.58e-06 4.2e-07 0.000134226
2e-06 5.1e-07 0.000136216
2.51e-06 6.5e-07 0.0001379
3.16e-06 8.2e-07 0.000139338
3.98e-06 1.03e-06 0.000140579
5.01e-06 1.3e-06 0.000141663
6.31e-06 1.63e-06 0.000142621
7.94e-06 2.06e-06 0.000143481
1e-05 2.6e-06 0.000144261
1.26e-05 3.2e-06 0.000144978
1.58e-05 4.2e-06 0.000145646
2e-05 5.1e-06 0.000146275
2.51e-05 6.5e-06 0.000146874
3.16e-05 8.2e-06 0.00014745
3.98e-05 1.03e-05 0.000148009
5.01e-05 1.3e-05 0.000148557
6.31e-05 1.63e-05 0.000149099
7.94e-05 2.06e-05 0.000149642
0.0001 2.5897e-05 0.000150189
0.000125897 3.2591e-05 0.000150747
0.000158488 4.1041e-05 0.000151322
0.000199529 5.1662e-05 0.000151919
0.000251191 6.5038e-05 0.000152546
0.000316229 8.1881e-05 0.000153212
0.00039811 0.00010308 0.000153927
0.00050119 0.000129765 0.0001547
0.000630955 0.00016338 0.000155545
0.000794335 0.000205665 0.000156476
0.001 0.00025896 0.000157511
0.00125896 0.00032592 0.00015867
0.00158488 0.00041041 0.000159976
0.00199529 0.00051662 0.000161456
0.00251191 0.00065039 0.000163143
0.0031623 0.0008188 0.000165075
0.0039811 0.0010308 0.000167296
0.0050119 0.00129765 0.000169859
0.00630955 0.0016338 0.000172826
0.00794335 0.00205665 0.00017627
0.01 0.0025886 0.000180278
0.0125886 0.0032603 0.000184956
0.0158489 0.004104 0.000190424
0.0199529 0.0051663 0.000196829
0.0251192 0.0065037 0.000204345
0.0316229 0.0081881 0.00021318
0.039811 0.010308 0.000223579
0.050119 0.0129765 0.000235836
0.0630955 0.016337 0.000250296
0.0794325 0.0205675 0.000267364
0.1 0.025886 0.000287496
0.125886 0.032602 0.000311233
0.158488 0.041041 0.000339132
0.199529 0.051662 0.000371775
0.251191 0.065038 0.000409693
0.316229 0.081881 0.000453264
0.39811 0.10308 0.000502536
0.50119 0.129775 0.00055699
0.630965 0.16336 0.000615207
0.794325 0.205675 0.000674543
1 0.25886 0.000730755
1.25886 0.32603 0.000778027
1.58489 0.4104 0.000809226
1.99529 0.51662 0.0008172
2.51191 0.65039 0.000796802
3.1623 0.8188 0.000747521
3.9811 1.0308 0.000675628
5.0119 1.29765 0.000594123
6.30955 1.6338 0.000519161
7.94335 2.05665 0.000463789
10 2.5897 0.000432595
12.5897 3.2592 0.000421961
15.8489 4.1039 0.000426225
19.9528 5.1663 0.000444755
25.1191 6.5038 0.000484183
31.6229 8.1881 0.000554962
39.811 10.308 0.0006644
50.119 12.9765 0.000808649
63.0955 16.338 0.000967407
79.4335 20.5665 0.00110593
100 25.887 0.00118622
125.887 32.601 0.00118221
158.488 41.04 0.00109011
199.528 51.663 0.000928388
251.191 65.038 0.000729155
316.229 81.881 0.000527907
398.11 103.08 0.000354603
501.19 129.775 0.000225723
630.965 163.37 0.000141295
794.335 205.665 9.04978e-05
1000 258.86 6.06673e-05
1258.86 326.03 4.24846e-05
1584.89 410.39 3.06205e-05
1995.28 516.64 2.23816e-05
2511.92 650.38 1.64415e-05
3162.3 818.8 1.20883e-05
3981.1 1030.8 8.88266e-06
5011.9 1297.75 6.52126e-06
6309.65 1633.7 4.78375e-06
7943.35 2056.65 3.50678e-06
10000 2588.7 2.56946e-06
12588.7 3260.1 1.88155e-06
15848.8 4104 1.37737e-06
19952.8 5166.4 1.00802e-06
25119.2 6503.7 7.37541e-07
31622.9 8188.1 5.39526e-07
39811 10308 3.94609e-07
50119 12977.5 2.88575e-07
63096.5 16336 2.11015e-07
79432.5 20567.5 1.54282e-07
100000 25886 1.12801e-07
125886 32602 8.2455e-08
158488 41040 6.02716e-08
199528 51664 4.40551e-08
251192 65038 3.22003e-08
316230 81880 2.35343e-08
398110 103080 1.71999e-08
501190 129775 1.25698e-08
630965 163360 9.1861e-09
794325 205675 6.71289e-09
1e+06 1.15886e+07 4.90572e-09
1.25886e+07 3.2603e+06 3.58447e-09
1.58489e+07 4.104e+06 2.6191e-09
1.99529e+07 5.1662e+06 1.91372e-09
2.51191e+07 6.5039e+06 1.39828e-09
3.1623e+07 8.188e+06 1.02164e-09
3.9811e+07 1.0308e+07 7.46428e-10
5.0119e+07 1.29765e+07 5.45335e-10
