1e-09 2.6e-10 4.98819e-06
1.26e-09 3.2e-10 7.66941e-06
1.58e-09 4.2e-10 1.17906e-05
2e-09 5.1e-10 1.81009e-05
2.51e-09 6.5e-10 2.77139e-05
3.16e-09 8.2e-10 4.22539e-05
3.98e-09 1.03e-09 6.40349e-05
5.01e-09 1.3e-09 9.62506e-05
6.31e-09 1.63e-09 0.000143103
7.94e-09 2.06e-09 0.000209783
1e-08 2.6e-09 0.000301959
1.26e-08 3.2e-09 0.00042474
1.58e-08 4.2e-09 0.000580076
2e-08 5.1e-09 0.000763233
2.51e-08 6.5e-09 0.000958137
3.16e-08 8.2e-09 0.00113382
3.98e-08 1.03e-08 0.00124599
5.01e-08 1.3e-08 0.00124855
6.31e-08 1.63e-08 0.00111657
7.94e-08 2.06e-08 0.000870776
1e-07 2.6e-08 0.000582077
1.26e-07 3.2e-08 0.000338883
1.58e-07 4.2e-08 0.000193345
2e-07 5.1e-08 0.000137098
2.51e-07 6.5e-08 0.000128688
3.16e-07 8.2e-08 0.000134995
3.98e-07 1.03e-07 0.000143051
5.01e-07 1.3e-07 0.000150249
6.31e-07 1.63e-07 0.000156396
7.94e-07 2.06e-07 0.000161584
1e-06 2.6e-07 0.000165932
1.26e-06 3.2e-07 0.00016957
1.58e-06 4.2e-07 0.000172615
2e-06 5.1e-07 0.000175174
2.51e-06 6.5e-07 0.000177339
3.16e-06 8.2e-07 0.000179188
3.98e-06 1.03e-06 0.000180784
5.01e-06 1.3e-06 0.000182177
6.31e-06 1.63e-06 0.00018341
7.94e-06 2.06e-06 0.000184515
1e-05 2.6e-06 0.000185518
1.26e-05 3.2e-06 0.000186441
1.58e-05 4.2e-06 0.0001873
2e-05 5.1e-06 0.000188108
2.51e-05 6.5e-06 0.000188878
3.16e-05 8.2e-06 0.000189618
3.98e-05 1.03e-05 0.000190336
5.01e-05 1.3e-05 0.000191041
6.31e-05 1.63e-05 0.000191738
7.94e-05 2.06e-05 0.000192435
0.0001 2.5897e-05 0.000193138
0.000125897 3.2591e-05 0.000193855
0.000158488 4.1041e-05 0.000194593
0.000199529 5.1662e-05 0.000195359
0.000251191 6.5038e-05 0.000196165
0.000316229 8.1881e-05 0.00019702
0.00039811 0.00010308 0.000197937
0.00050119 0.000129765 0.000198929
0.000630955 0.00016338 0.000200013
0.000794335 0.000205665 0.000201207
0.001 0.00025896 0.000202535
0.00125896 0.00032592 0.000204021
0.00158488 0.00041041 0.000205695
0.00199529 0.00051662 0.000207593
0.00251191 0.00065039 0.000209756
0.0031623 0.0008188 0.000212232
0.0039811 0.0010308 0.00021508
0.0050119 0.00129765 0.000218364
0.00630955 0.0016338 0.000222167
0.00794335 0.00205665 0.00022658
0.01 0.0025886 0.000231714
0.0125886 0.0032603 0.000237704
0.0158489 0.004104 0.000244703
0.0199529 0.0051663 0.000252895
0.0251192 0.0065037 0.000262501
0.0316229 0.0081881 0.000273779
0.039811 0.010308 0.000287036
0.050119 0.0129765 0.00030263
0.0630955 0.016337 0.00032098
0.0794325 0.0205675 0.000342567
0.1 0.025886 0.000367921
0.125886 0.032602 0.000397651
0.158488 0.041041 0.000432349
0.199529 0.051662 0.000472587
0.251191 0.065038 0.000518813
0.316229 0.081881 0.000571202
0.39811 0.10308 0.000629441
0.50119 0.129775 0.000692454
0.630965 0.16336 0.000758047
0.794325 0.205675 0.000822609
1 0.25886 0.000880824
1.25886 0.32603 0.000925874
1.58489 0.4104 0.000949944
1.99529 0.51662 0.00094581
2.51191 0.65039 0.000909088
3.1623 0.8188 0.000840901
3.9811 1.0308 0.000749748
5.0119 1.29765 0.00065088
6.30955 1.6338 0.000562021
7.94335 2.05665 0.000496656
10 2.5897 0.000458757
12.5897 3.2592 0.000443629
15.8489 4.1039 0.000444728
19.9528 5.1663 0.000461018
25.1191 6.5038 0.000499049
31.6229 8.1881 0.00056923
39.811 10.308 0.000678674
50.119 12.9765 0.000823138
63.0955 16.338 0.000981841
79.4335 20.5665 0.00111965
100 25.887 0.00119845
125.887 32.601 0.00119233
158.488 41.04 0.00109785
199.528 51.663 0.000933849
251.191 65.038 0.000732708
316.229 81.881 0.000530037
398.11 103.08 0.000355788
501.19 129.775 0.000226347
630.965 163.37 0.000141618
794.335 205.665 9.0669e-05
1000 258.86 6.07622e-05
1258.86 326.03 4.25396e-05
1584.89 410.39 3.06532e-05
1995.28 516.64 2.24014e-05
2511.92 650.38 1.64535e-05
3162.3 818.8 1.20956e-05
3981.1 1030.8 8.8871e-06
5011.9 1297.75 6.52395e-06
6309.65 1633.7 4.78538e-06
7943.35 2056.65 3.50777e-06
10000 2588.7 2.57006e-06
12588.7 3260.1 1.88192e-06
15848.8 4104 1.37759e-06
19952.8 5166.4 1.00816e-06
25119.2 6503.7 7.37622e-07
31622.9 8188.1 5.39574e-07
39811 10308 3.94639e-07
50119 12977.5 2.88592e-07
63096.5 16336 2.11026e-07
79432.5 20567.5 1.54289e-07
100000 25886 1.12805e-07
125886 32602 8.24574e-08
158488 41040 6.0273e-08
199528 51664 4.4056e-08
251192 65038 3.22009e-08
316230 81880 2.35346e-08
398110 103080 1.72001e-08
501190 129775 1.25699e-08
630965 163360 9.18617e-09
794325 205675 6.71293e-09
1e+06 1.15886e+07 4.90575e-09
1.25886e+07 3.2603e+06 3.58448e-09
1.58489e+07 4.104e+06 2.6191e-09
1.99529e+07 5.1662e+06 1.91372e-09
2.51191e+07 6.5039e+06 1.39828e-09
3.1623e+07 8.188e+06 1.02164e-09
3.9811e+07 1.0308e+07 7.46429e-10
5.0119e+07 1.29765e+07 5.45336e-10
