1e-09 2.6e-10 5.2201e-06
1.26e-09 3.2e-10 8.01957e-06
1.58e-09 4.2e-10 1.23204e-05
2e-09 5.1e-10 1.8903e-05
2.51e-09 6.5e-10 2.89273e-05
3.16e-09 8.2e-10 4.40852e-05
3.98e-09 1.03e-09 6.67861e-05
5.01e-09 1.3e-09 0.000100356
6.31e-09 1.63e-09 0.00014917
7.94e-09 2.06e-09 0.000218634
1e-08 2.6e-09 0.00031465
1.26e-08 3.2e-09 0.000442541
1.58e-08 4.2e-09 0.000604342
2e-08 5.1e-09 0.000795134
2.51e-08 6.5e-09 0.000998199
3.16e-08 8.2e-09 0.00118133
3.98e-08 1.03e-08 0.00129842
5.01e-08 1.3e-08 0.00130154
6.31e-08 1.63e-08 0.00116471
7.94e-08 2.06e-08 0.000909513
1e-07 2.6e-08 0.000609707
1.26e-07 3.2e-08 0.000357263
1.58e-07 4.2e-08 0.000206424
2e-07 5.1e-08 0.00014847
2.51e-07 6.5e-08 0.000140249
3.16e-07 8.2e-08 0.000147291
3.98e-07 1.03e-07 0.000156094
5.01e-07 1.3e-07 0.00016395
6.31e-07 1.63e-07 0.000170658
7.94e-07 2.06e-07 0.000176318
1e-06 2.6e-07 0.000181062
1.26e-06 3.2e-07 0.000185032
1.58e-06 4.2e-07 0.000188355
2e-06 5.1e-07 0.000191147
2.51e-06 6.5e-07 0.00019351
3.16e-06 8.2e-07 0.000195528
3.98e-06 1.03e-06 0.000197269
5.01e-06 1.3e-06 0.000198789
6.31e-06 1.63e-06 0.000200134
7.94e-06 2.06e-06 0.00020134
1e-05 2.6e-06 0.000202434
1.26e-05 3.2e-06 0.000203441
1.58e-05 4.2e-06 0.000204378
2e-05 5.1e-06 0.00020526
2.51e-05 6.5e-06 0.000206099
3.16e-05 8.2e-06 0.000206906
3.98e-05 1.03e-05 0.00020769
5.01e-05 1.3e-05 0.000208458
6.31e-05 1.63e-05 0.000209218
7.94e-05 2.06e-05 0.000209978
0.0001 2.5897e-05 0.000210745
0.000125897 3.2591e-05 0.000211525
0.000158488 4.1041e-05 0.000212329
0.000199529 5.1662e-05 0.000213164
0.000251191 6.5038e-05 0.000214041
0.000316229 8.1881e-05 0.000214971
0.00039811 0.00010308 0.000215968
0.00050119 0.000129765 0.000217047
0.000630955 0.00016338 0.000218226
0.000794335 0.000205665 0.000219524
0.001 0.00025896 0.000220967
0.00125896 0.00032592 0.00022258
0.00158488 0.00041041 0.000224398
0.00199529 0.00051662 0.000226458
0.00251191 0.00065039 0.000228804
0.0031623 0.0008188 0.000231489
0.0039811 0.0010308 0.000234575
0.0050119 0.00129765 0.000238134
0.00630955 0.0016338 0.000242252
0.00794335 0.00205665 0.000247028
0.01 0.0025886 0.000252582
0.0125886 0.0032603 0.000259057
0.0158489 0.004104 0.000266618
0.0199529 0.0051663 0.000275461
0.0251192 0.0065037 0.00028582
0.0316229 0.0081881 0.000297969
0.039811 0.010308 0.000312231
0.050119 0.0129765 0.000328982
0.0630955 0.016337 0.000348658
0.0794325 0.0205675 0.000371757
0.1 0.025886 0.000398819
0.125886 0.032602 0.000430459
0.158488 0.041041 0.000467256
0.199529 0.051662 0.000509754
0.251191 0.065038 0.000558341
0.316229 0.081881 0.000613094
0.39811 0.10308 0.000673556
0.50119 0.129775 0.000738456
0.630965 0.16336 0.000805359
0.794325 0.205675 0.000870385
1 0.25886 0.000927959
1.25886 0.32603 0.000971061
1.58489 0.4104 0.000991802
1.99529 0.51662 0.000983069
2.51191 0.65039 0.000940805
3.1623 0.8188 0.000866656
3.9811 1.0308 0.000769745
5.0119 1.29765 0.000665887
6.30955 1.6338 0.00057315
7.94335 2.05665 0.000505054
10 2.5897 0.000465348
12.5897 3.2592 0.00044902
15.8489 4.1039 0.000449283
19.9528 5.1663 0.000464984
25.1191 6.5038 0.000502646
31.6229 8.1881 0.00057266
39.811 10.308 0.000682086
50.119 12.9765 0.000826585
63.0955 16.338 0.000985261
79.4335 20.5665 0.00112289
100 25.887 0.00120133
125.887 32.601 0.0011947
158.488 41.04 0.00109966
199.528 51.663 0.000935127
251.191 65.038 0.000733539
316.229 81.881 0.000530534
398.11 103.08 0.000356064
501.19 129.775 0.000226493
630.965 163.37 0.000141693
794.335 205.665 9.07089e-05
1000 258.86 6.07843e-05
1258.86 326.03 4.25523e-05
1584.89 410.39 3.06608e-05
1995.28 516.64 2.2406e-05
2511.92 650.38 1.64563e-05
3162.3 818.8 1.20973e-05
3981.1 1030.8 8.88813e-06
5011.9 1297.75 6.52458e-06
6309.65 1633.7 4.78576e-06
7943.35 2056.65 3.508e-06
10000 2588.7 2.5702e-06
12588.7 3260.1 1.882e-06
15848.8 4104 1.37764e-06
19952.8 5166.4 1.00819e-06
25119.2 6503.7 7.3764e-07
31622.9 8188.1 5.39586e-07
39811 10308 3.94646e-07
50119 12977.5 2.88596e-07
63096.5 16336 2.11028e-07
79432.5 20567.5 1.5429e-07
100000 25886 1.12805e-07
125886 32602 8.24579e-08
158488 41040 6.02734e-08
199528 51664 4.40562e-08
251192 65038 3.2201e-08
316230 81880 2.35347e-08
398110 103080 1.72001e-08
501190 129775 1.257e-08
630965 163360 9.18619e-09
794325 205675 6.71294e-09
1e+06 1.15886e+07 4.90575e-09
1.25886e+07 3.2603e+06 3.58449e-09
1.58489e+07 4.104e+06 2.61911e-09
1.99529e+07 5.1662e+06 1.91372e-09
2.51191e+07 6.5039e+06 1.39829e-09
3.1623e+07 8.188e+06 1.02164e-09
3.9811e+07 1.0308e+07 7.4643e-10
5.0119e+07 1.29765e+07 5.45336e-10
