1e-09 2.6e-10 6.22439e-06
1.26e-09 3.2e-10 9.22265e-06
1.58e-09 4.2e-10 1.37173e-05
2e-09 5.1e-10 2.0452e-05
2.51e-09 6.5e-10 3.05226e-05
3.16e-09 8.2e-10 4.55168e-05
3.98e-09 1.03e-09 6.76835e-05
5.01e-09 1.3e-09 0.000100115
6.31e-09 1.63e-09 0.000146872
7.94e-09 2.06e-09 0.000212972
1e-08 2.6e-09 0.000303916
1.26e-08 3.2e-09 0.000424748
1.58e-08 4.2e-09 0.000577625
2e-08 5.1e-09 0.00075856
2.51e-08 6.5e-09 0.000953087
3.16e-08 8.2e-09 0.00113294
3.98e-08 1.03e-08 0.00125739
5.01e-08 1.3e-08 0.00128392
6.31e-08 1.63e-08 0.00118924
7.94e-08 2.06e-08 0.000992015
1e-07 2.6e-08 0.000756953
1.26e-07 3.2e-08 0.000564724
1.58e-07 4.2e-08 0.000462434
2e-07 5.1e-08 0.0004413
2.51e-07 6.5e-08 0.000462172
3.16e-07 8.2e-08 0.000493877
3.98e-07 1.03e-07 0.000524149
5.01e-07 1.3e-07 0.000550557
6.31e-07 1.63e-07 0.00057308
7.94e-07 2.06e-07 0.000592085
1e-06 2.6e-07 0.000608015
1.26e-06 3.2e-07 0.000621343
1.58e-06 4.2e-07 0.000632497
2e-06 5.1e-07 0.000641869
2.51e-06 6.5e-07 0.000649798
3.16e-06 8.2e-07 0.000656565
3.98e-06 1.03e-06 0.000662403
5.01e-06 1.3e-06 0.000667498
6.31e-06 1.63e-06 0.000672002
7.94e-06 2.06e-06 0.000676035
1e-05 2.6e-06 0.000679691
1.26e-05 3.2e-06 0.000683048
1.58e-05 4.2e-06 0.000686166
2e-05 5.1e-06 0.000689093
2.51e-05 6.5e-06 0.00069187
3.16e-05 8.2e-06 0.000694529
3.98e-05 1.03e-05 0.000697099
5.01e-05 1.3e-05 0.000699604
6.31e-05 1.63e-05 0.000702066
7.94e-05 2.06e-05 0.000704507
0.0001 2.5897e-05 0.000706947
0.000125897 3.2591e-05 0.000709406
0.000158488 4.1041e-05 0.000711906
0.000199529 5.1662e-05 0.000714471
0.000251191 6.5038e-05 0.000717124
0.000316229 8.1881e-05 0.000719894
0.00039811 0.00010308 0.000722812
0.00050119 0.000129765 0.000725911
0.000630955 0.00016338 0.00072923
0.000794335 0.000205665 0.000732814
0.001 0.00025896 0.000736712
0.00125896 0.00032592 0.000740977
0.00158488 0.00041041 0.000745677
0.00199529 0.00051662 0.000750878
0.00251191 0.00065039 0.000756663
0.0031623 0.0008188 0.000763121
0.0039811 0.0010308 0.000770352
0.0050119 0.00129765 0.000778467
0.00630955 0.0016338 0.000787592
0.00794335 0.00205665 0.000797862
0.01 0.0025886 0.000809425
0.0125886 0.0032603 0.000822454
0.0158489 0.004104 0.000837119
0.0199529 0.0051663 0.00085361
0.0251192 0.0065037 0.000872129
0.0316229 0.0081881 0.000892891
0.039811 0.010308 0.000916112
0.050119 0.0129765 0.000942017
0.0630955 0.016337 0.000970825
0.0794325 0.0205675 0.00100274
0.1 0.025886 0.00103793
0.125886 0.032602 0.00107652
0.158488 0.041041 0.00111849
0.199529 0.051662 0.00116366
0.251191 0.065038 0.00121154
0.316229 0.081881 0.0012612
0.39811 0.10308 0.00131106
0.50119 0.129775 0.00135869
0.630965 0.16336 0.00140054
0.794325 0.205675 0.00143186
1 0.25886 0.00144667
1.25886 0.32603 0.00143823
1.58489 0.4104 0.00140002
1.99529 0.51662 0.00132742
2.51191 0.65039 0.00121997
3.1623 0.8188 0.00108363
3.9811 1.0308 0.000931783
5.0119 1.29765 0.000783408
6.30955 1.6338 0.000657747
7.94335 2.05665 0.000567269
10 2.5897 0.000513105
12.5897 3.2592 0.000487358
15.8489 4.1039 0.000481157
19.9528 5.1663 0.000492367
25.1191 6.5038 0.000527196
31.6229 8.1881 0.000595842
39.811 10.308 0.000704957
50.119 12.9765 0.000849533
63.0955 16.338 0.0010079
79.4335 20.5665 0.00114424
100 25.887 0.00122022
125.887 32.601 0.00121023
158.488 41.04 0.00111148
199.528 51.663 0.000943437
251.191 65.038 0.000738926
316.229 81.881 0.000533755
398.11 103.08 0.00035785
501.19 129.775 0.000227431
630.965 163.37 0.000142178
794.335 205.665 9.09655e-05
1000 258.86 6.09264e-05
1258.86 326.03 4.26345e-05
1584.89 410.39 3.07098e-05
1995.28 516.64 2.24355e-05
2511.92 650.38 1.64743e-05
3162.3 818.8 1.21082e-05
3981.1 1030.8 8.89473e-06
5011.9 1297.75 6.52858e-06
6309.65 1633.7 4.78819e-06
7943.35 2056.65 3.50947e-06
10000 2588.7 2.57109e-06
12588.7 3260.1 1.88254e-06
15848.8 4104 1.37797e-06
19952.8 5166.4 1.00838e-06
25119.2 6503.7 7.37759e-07
31622.9 8188.1 5.39657e-07
39811 10308 3.94689e-07
50119 12977.5 2.88623e-07
63096.5 16336 2.11044e-07
79432.5 20567.5 1.543e-07
100000 25886 1.12811e-07
125886 32602 8.24614e-08
158488 41040 6.02755e-08
199528 51664 4.40574e-08
251192 65038 3.22018e-08
316230 81880 2.35352e-08
398110 103080 1.72004e-08
501190 129775 1.25701e-08
630965 163360 9.18629e-09
794325 205675 6.713e-09
1e+06 1.15886e+07 4.90579e-09
1.25886e+07 3.2603e+06 3.58451e-09
1.58489e+07 4.104e+06 2.61912e-09
1.99529e+07 5.1662e+06 1.91373e-09
2.51191e+07 6.5039e+06 1.39829e-09
3.1623e+07 8.188e+06 1.02164e-09
3.9811e+07 1.0308e+07 7.46431e-10
5.0119e+07 1.29765e+07 5.45337e-10
