1e-09 2.6e-10 4.1175e-06
1.26e-09 3.2e-10 6.3326e-06
1.58e-09 4.2e-10 9.73797e-06
2e-09 5.1e-10 1.4953e-05
2.51e-09 6.5e-10 2.28986e-05
3.16e-09 8.2e-10 3.4918e-05
3.98e-09 1.03e-09 5.29246e-05
5.01e-09 1.3e-09 7.95598e-05
6.31e-09 1.63e-09 0.000118298
7.94e-09 2.06e-09 0.000173434
1e-08 2.6e-09 0.000249653
1.26e-08 3.2e-09 0.000351181
1.58e-08 4.2e-09 0.000479629
2e-08 5.1e-09 0.000631077
2.51e-08 6.5e-09 0.000792225
3.16e-08 8.2e-09 0.000937456
3.98e-08 1.03e-08 0.00103011
5.01e-08 1.3e-08 0.00103208
6.31e-08 1.63e-08 0.000922722
7.94e-08 2.06e-08 0.000719193
1e-07 2.6e-08 0.000480155
1.26e-07 3.2e-08 0.000278755
1.58e-07 4.2e-08 0.000158142
2e-07 5.1e-08 0.000111404
2.51e-07 6.5e-08 0.000104251
3.16e-07 8.2e-08 0.00010929
3.98e-07 1.03e-07 0.000115793
5.01e-07 1.3e-07 0.000121606
6.31e-07 1.63e-07 0.000126567
7.94e-07 2.06e-07 0.00013075
1e-06 2.6e-07 0.000134253
1.26e-06 3.2e-07 0.000137181
1.58e-06 4.2e-07 0.000139628
2e-06 5.1e-07 0.000141682
2.51e-06 6.5e-07 0.000143417
3.16e-06 8.2e-07 0.000144896
3.98e-06 1.03e-06 0.000146169
5.01e-06 1.3e-06 0.000147279
6.31e-06 1.63e-06 0.000148259
7.94e-06 2.06e-06 0.000149135
1e-05 2.6e-06 0.000149929
1.26e-05 3.2e-06 0.000150657
1.58e-05 4.2e-06 0.000151334
2e-05 5.1e-06 0.00015197
2.51e-05 6.5e-06 0.000152575
3.16e-05 8.2e-06 0.000153156
3.98e-05 1.03e-05 0.000153719
5.01e-05 1.3e-05 0.000154271
6.31e-05 1.63e-05 0.000154817
7.94e-05 2.06e-05 0.000155363
0.0001 2.5897e-05 0.000155913
0.000125897 3.2591e-05 0.000156475
0.000158488 4.1041e-05 0.000157054
0.000199529 5.1662e-05 0.000157656
0.000251191 6.5038e-05 0.00015829
0.000316229 8.1881e-05 0.000158964
0.00039811 0.00010308 0.000159688
0.00050119 0.000129765 0.000160473
0.000630955 0.00016338 0.000161333
0.000794335 0.000205665 0.000162282
0.001 0.00025896 0.000163339
0.00125896 0.00032592 0.000164525
0.00158488 0.00041041 0.000165863
0.00199529 0.00051662 0.000167383
0.00251191 0.00065039 0.000169117
0.0031623 0.0008188 0.000171106
0.0039811 0.0010308 0.000173396
0.0050119 0.00129765 0.00017604
0.00630955 0.0016338 0.000179104
0.00794335 0.00205665 0.000182665
0.01 0.0025886 0.00018681
0.0125886 0.0032603 0.00019165
0.0158489 0.004104 0.000197309
0.0199529 0.0051663 0.000203939
0.0251192 0.0065037 0.000211718
0.0316229 0.0081881 0.000220858
0.039811 0.010308 0.00023161
0.050119 0.0129765 0.000244267
0.0630955 0.016337 0.000259174
0.0794325 0.0205675 0.000276729
0.1 0.025886 0.000297369
0.125886 0.032602 0.000321603
0.158488 0.041041 0.000349928
0.199529 0.051662 0.000382831
0.251191 0.065038 0.000420706
0.316229 0.081881 0.00046373
0.39811 0.10308 0.000511689
0.50119 0.129775 0.000563747
0.630965 0.16336 0.000618152
0.794325 0.205675 0.000671975
1 0.25886 0.00072086
1.25886 0.32603 0.000759174
1.58489 0.4104 0.000780407
1.99529 0.51662 0.000778475
2.51191 0.65039 0.00074959
3.1623 0.8188 0.000694498
3.9811 1.0308 0.000620084
5.0119 1.29765 0.0005389
6.30955 1.6338 0.000465654
7.94335 2.05665 0.000411622
10 2.5897 0.000380208
12.5897 3.2592 0.000367602
15.8489 4.1039 0.000368432
19.9528 5.1663 0.00038191
25.1191 6.5038 0.0004136
31.6229 8.1881 0.00047231
39.811 10.308 0.000564085
50.119 12.9765 0.000685413
63.0955 16.338 0.000818837
79.4335 20.5665 0.000934777
100 25.887 0.0010011
125.887 32.601 0.000995953
158.488 41.04 0.000916462
199.528 51.663 0.000778605
251.191 65.038 0.000609776
316.229 81.881 0.000439989
398.11 103.08 0.000294311
501.19 129.775 0.000186341
630.965 163.37 0.000115896
794.335 205.665 7.37574e-05
1000 258.86 4.92055e-05
1258.86 326.03 3.43672e-05
1584.89 410.39 2.47504e-05
1995.28 516.64 1.8097e-05
2511.92 650.38 1.33062e-05
3162.3 818.8 9.79485e-06
3981.1 1030.8 7.20709e-06
5011.9 1297.75 5.29882e-06
6309.65 1633.7 3.89298e-06
7943.35 2056.65 2.85837e-06
10000 2588.7 2.09785e-06
12588.7 3260.1 1.53886e-06
15848.8 4104 1.12852e-06
19952.8 5166.4 8.27411e-07
25119.2 6503.7 6.06533e-07
31622.9 8188.1 4.44547e-07
39811 10308 3.25785e-07
50119 12977.5 2.38726e-07
63096.5 16336 1.74926e-07
79432.5 20567.5 1.28167e-07
100000 25886 9.39097e-08
125886 32602 6.8798e-08
158488 41040 5.04025e-08
199528 51664 3.69265e-08
251192 65038 2.70536e-08
316230 81880 1.98204e-08
398110 103080 1.45213e-08
501190 129775 1.0639e-08
630965 163360 7.79507e-09
794325 205675 5.71135e-09
1e+06 1.15886e+07 4.18503e-09
1.25886e+07 3.2603e+06 3.06629e-09
1.58489e+07 4.104e+06 2.24677e-09
1.99529e+07 5.1662e+06 1.64639e-09
2.51191e+07 6.5039e+06 1.20649e-09
3.1623e+07 8.188e+06 8.84158e-10
3.9811e+07 1.0308e+07 6.47972e-10
5.0119e+07 1.29765e+07 4.74894e-10
