1e-09 2.6e-10 3.93069e-06
1.26e-09 3.2e-10 6.04824e-06
1.58e-09 4.2e-10 9.30461e-06
2e-09 5.1e-10 1.42928e-05
2.51e-09 6.5e-10 2.18941e-05
3.16e-09 8.2e-10 3.3395e-05
3.98e-09 1.03e-09 5.06272e-05
5.01e-09 1.3e-09 7.61199e-05
6.31e-09 1.63e-09 0.0001132
7.94e-09 2.06e-09 0.00016598
1e-08 2.6e-09 0.000238945
1.26e-08 3.2e-09 0.000336142
1.58e-08 4.2e-09 0.00045911
2e-08 5.1e-09 0.000604091
2.51e-08 6.5e-09 0.000758341
3.16e-08 8.2e-09 0.000897318
3.98e-08 1.03e-08 0.000985903
5.01e-08 1.3e-08 0.000987587
6.31e-08 1.63e-08 0.000882593
7.94e-08 2.06e-08 0.000687369
1e-07 2.6e-08 0.000458115
1.26e-07 3.2e-08 0.000264908
1.58e-07 4.2e-08 0.000149095
2e-07 5.1e-08 0.000104061
2.51e-07 6.5e-08 9.69679e-05
3.16e-07 8.2e-08 0.000101577
3.98e-07 1.03e-07 0.000107614
5.01e-07 1.3e-07 0.000113016
6.31e-07 1.63e-07 0.000117626
7.94e-07 2.06e-07 0.000121514
1e-06 2.6e-07 0.000124769
1.26e-06 3.2e-07 0.00012749
1.58e-06 4.2e-07 0.000129765
2e-06 5.1e-07 0.000131674
2.51e-06 6.5e-07 0.000133286
3.16e-06 8.2e-07 0.00013466
3.98e-06 1.03e-06 0.000135844
5.01e-06 1.3e-06 0.000136876
6.31e-06 1.63e-06 0.000137786
7.94e-06 2.06e-06 0.000138601
1e-05 2.6e-06 0.000139338
1.26e-05 3.2e-06 0.000140016
1.58e-05 4.2e-06 0.000140645
2e-05 5.1e-06 0.000141236
2.51e-05 6.5e-06 0.000141798
3.16e-05 8.2e-06 0.000142338
3.98e-05 1.03e-05 0.000142861
5.01e-05 1.3e-05 0.000143374
6.31e-05 1.63e-05 0.000143882
7.94e-05 2.06e-05 0.000144389
0.0001 2.5897e-05 0.000144902
0.000125897 3.2591e-05 0.000145424
0.000158488 4.1041e-05 0.000145962
0.000199529 5.1662e-05 0.000146523
0.000251191 6.5038e-05 0.000147112
0.000316229 8.1881e-05 0.00014774
0.00039811 0.00010308 0.000148413
0.00050119 0.000129765 0.000149144
0.000630955 0.00016338 0.000149944
0.000794335 0.000205665 0.000150828
0.001 0.00025896 0.000151812
0.00125896 0.00032592 0.000152916
0.00158488 0.00041041 0.000154163
0.00199529 0.00051662 0.000155578
0.00251191 0.00065039 0.000157194
0.0031623 0.0008188 0.000159047
0.0039811 0.0010308 0.000161181
0.0050119 0.00129765 0.000163646
0.00630955 0.0016338 0.000166502
0.00794335 0.00205665 0.000169822
0.01 0.0025886 0.000173687
0.0125886 0.0032603 0.000178202
0.0158489 0.004104 0.000183483
0.0199529 0.0051663 0.000189672
0.0251192 0.0065037 0.000196937
0.0316229 0.0081881 0.000205477
0.039811 0.010308 0.000215531
0.050119 0.0129765 0.000227376
0.0630955 0.016337 0.000241342
0.0794325 0.0205675 0.000257809
0.1 0.025886 0.000277202
0.125886 0.032602 0.000300016
0.158488 0.041041 0.000326746
0.199529 0.051662 0.00035789
0.251191 0.065038 0.000393868
0.316229 0.081881 0.000434918
0.39811 0.10308 0.000480918
0.50119 0.129775 0.000531172
0.630965 0.16336 0.000584111
0.794325 0.205675 0.000637028
1 0.25886 0.000685798
1.25886 0.32603 0.000724993
1.58489 0.4104 0.00074822
1.99529 0.51662 0.000749368
2.51191 0.65039 0.00072444
3.1623 0.8188 0.000673791
3.9811 1.0308 0.000603803
5.0119 1.29765 0.000526545
6.30955 1.6338 0.000456404
7.94335 2.05665 0.000404584
10 2.5897 0.000374647
12.5897 3.2592 0.000363027
15.8489 4.1039 0.000364547
19.9528 5.1663 0.000378512
25.1191 6.5038 0.000410506
31.6229 8.1881 0.000469348
39.811 10.308 0.000561125
50.119 12.9765 0.00068241
63.0955 16.338 0.000815847
79.4335 20.5665 0.000931937
100 25.887 0.000998572
125.887 32.601 0.000993864
158.488 41.04 0.000914867
199.528 51.663 0.000777481
251.191 65.038 0.000609047
316.229 81.881 0.000439553
398.11 103.08 0.000294069
501.19 129.775 0.000186214
630.965 163.37 0.000115831
794.335 205.665 7.37231e-05
1000 258.86 4.91865e-05
1258.86 326.03 3.43563e-05
1584.89 410.39 2.47439e-05
1995.28 516.64 1.80931e-05
2511.92 650.38 1.33038e-05
3162.3 818.8 9.79339e-06
3981.1 1030.8 7.20621e-06
5011.9 1297.75 5.29828e-06
6309.65 1633.7 3.89265e-06
7943.35 2056.65 2.85817e-06
10000 2588.7 2.09773e-06
12588.7 3260.1 1.53879e-06
15848.8 4104 1.12847e-06
19952.8 5166.4 8.27385e-07
25119.2 6503.7 6.06517e-07
31622.9 8188.1 4.44538e-07
39811 10308 3.25779e-07
50119 12977.5 2.38723e-07
63096.5 16336 1.74924e-07
79432.5 20567.5 1.28165e-07
100000 25886 9.39089e-08
125886 32602 6.87975e-08
158488 41040 5.04022e-08
199528 51664 3.69263e-08
251192 65038 2.70535e-08
316230 81880 1.98204e-08
398110 103080 1.45213e-08
501190 129775 1.0639e-08
630965 163360 7.79505e-09
794325 205675 5.71134e-09
1e+06 1.15886e+07 4.18502e-09
1.25886e+07 3.2603e+06 3.06628e-09
1.58489e+07 4.104e+06 2.24677e-09
1.99529e+07 5.1662e+06 1.64639e-09
2.51191e+07 6.5039e+06 1.20649e-09
3.1623e+07 8.188e+06 8.84158e-10
3.9811e+07 1.0308e+07 6.47971e-10
5.0119e+07 1.29765e+07 4.74894e-10
