1e-09 2.6e-10 3.719e-06
1.26e-09 3.2e-10 5.7246e-06
1.58e-09 4.2e-10 8.80949e-06
2e-09 5.1e-10 1.35358e-05
2.51e-09 6.5e-10 2.07394e-05
3.16e-09 8.2e-10 3.16397e-05
3.98e-09 1.03e-09 4.7974e-05
5.01e-09 1.3e-09 7.21404e-05
6.31e-09 1.63e-09 0.000107294
7.94e-09 2.06e-09 0.000157334
1e-08 2.6e-09 0.000226514
1.26e-08 3.2e-09 0.000318671
1.58e-08 4.2e-09 0.000435262
2e-08 5.1e-09 0.000572721
2.51e-08 6.5e-09 0.000718956
3.16e-08 8.2e-09 0.000850685
3.98e-08 1.03e-08 0.000934592
5.01e-08 1.3e-08 0.000936046
6.31e-08 1.63e-08 0.000836287
7.94e-08 2.06e-08 0.00065092
1e-07 2.6e-08 0.000433262
1.26e-07 3.2e-08 0.000249794
1.58e-07 4.2e-08 0.000139742
2e-07 5.1e-08 9.68408e-05
2.51e-07 6.5e-08 8.99419e-05
3.16e-07 8.2e-08 9.41604e-05
3.98e-07 1.03e-07 9.97517e-05
5.01e-07 1.3e-07 0.000104759
6.31e-07 1.63e-07 0.000109032
7.94e-07 2.06e-07 0.000112636
1e-06 2.6e-07 0.000115653
1.26e-06 3.2e-07 0.000118176
1.58e-06 4.2e-07 0.000120284
2e-06 5.1e-07 0.000122053
2.51e-06 6.5e-07 0.000123548
3.16e-06 8.2e-07 0.000124822
3.98e-06 1.03e-06 0.000125919
5.01e-06 1.3e-06 0.000126875
6.31e-06 1.63e-06 0.000127719
7.94e-06 2.06e-06 0.000128474
1e-05 2.6e-06 0.000129158
1.26e-05 3.2e-06 0.000129786
1.58e-05 4.2e-06 0.000130369
2e-05 5.1e-06 0.000130917
2.51e-05 6.5e-06 0.000131438
3.16e-05 8.2e-06 0.000131938
3.98e-05 1.03e-05 0.000132424
5.01e-05 1.3e-05 0.000132899
6.31e-05 1.63e-05 0.00013337
7.94e-05 2.06e-05 0.000133841
0.0001 2.5897e-05 0.000134316
0.000125897 3.2591e-05 0.0001348
0.000158488 4.1041e-05 0.000135299
0.000199529 5.1662e-05 0.000135819
0.000251191 6.5038e-05 0.000136366
0.000316229 8.1881e-05 0.000136947
0.00039811 0.00010308 0.000137572
0.00050119 0.000129765 0.00013825
0.000630955 0.00016338 0.000138992
0.000794335 0.000205665 0.000139811
0.001 0.00025896 0.000140724
0.00125896 0.00032592 0.000141748
0.00158488 0.00041041 0.000142904
0.00199529 0.00051662 0.000144217
0.00251191 0.00065039 0.000145716
0.0031623 0.0008188 0.000147435
0.0039811 0.0010308 0.000149414
0.0050119 0.00129765 0.0001517
0.00630955 0.0016338 0.000154349
0.00794335 0.00205665 0.000157428
0.01 0.0025886 0.000161014
0.0125886 0.0032603 0.000165202
0.0158489 0.004104 0.000170102
0.0199529 0.0051663 0.000175844
0.0251192 0.0065037 0.000182586
0.0316229 0.0081881 0.000190515
0.039811 0.010308 0.000199852
0.050119 0.0129765 0.000210859
0.0630955 0.016337 0.000223845
0.0794325 0.0205675 0.000239172
0.1 0.025886 0.000257245
0.125886 0.032602 0.00027854
0.158488 0.041041 0.000303542
0.199529 0.051662 0.000332749
0.251191 0.065038 0.000366602
0.316229 0.081881 0.000405385
0.39811 0.10308 0.00044907
0.50119 0.129775 0.000497099
0.630965 0.16336 0.000548104
0.794325 0.205675 0.000599622
1 0.25886 0.00064781
1.25886 0.32603 0.000687499
1.58489 0.4104 0.000712476
1.99529 0.51662 0.000716656
2.51191 0.65039 0.000695849
3.1623 0.8188 0.000649997
3.9811 1.0308 0.000584908
5.0119 1.29765 0.000512075
6.30955 1.6338 0.00044548
7.94335 2.05665 0.000396213
10 2.5897 0.00036799
12.5897 3.2592 0.000357519
15.8489 4.1039 0.000359849
19.9528 5.1663 0.000374386
25.1191 6.5038 0.000406734
31.6229 8.1881 0.000465725
39.811 10.308 0.000557497
50.119 12.9765 0.000678722
63.0955 16.338 0.000812169
79.4335 20.5665 0.000928436
100 25.887 0.000995452
125.887 32.601 0.000991284
158.488 41.04 0.000912896
199.528 51.663 0.000776091
251.191 65.038 0.000608145
316.229 81.881 0.000439013
398.11 103.08 0.00029377
501.19 129.775 0.000186058
630.965 163.37 0.00011575
794.335 205.665 7.36806e-05
1000 258.86 4.91631e-05
1258.86 326.03 3.43428e-05
1584.89 410.39 2.47359e-05
1995.28 516.64 1.80882e-05
2511.92 650.38 1.33008e-05
3162.3 818.8 9.79159e-06
3981.1 1030.8 7.20511e-06
5011.9 1297.75 5.29761e-06
6309.65 1633.7 3.89224e-06
7943.35 2056.65 2.85792e-06
10000 2588.7 2.09759e-06
12588.7 3260.1 1.5387e-06
15848.8 4104 1.12842e-06
19952.8 5166.4 8.27352e-07
25119.2 6503.7 6.06497e-07
31622.9 8188.1 4.44525e-07
39811 10308 3.25772e-07
50119 12977.5 2.38718e-07
63096.5 16336 1.74921e-07
79432.5 20567.5 1.28164e-07
100000 25886 9.39079e-08
125886 32602 6.87969e-08
158488 41040 5.04019e-08
199528 51664 3.69261e-08
251192 65038 2.70534e-08
316230 81880 1.98203e-08
398110 103080 1.45212e-08
501190 129775 1.0639e-08
630965 163360 7.79503e-09
794325 205675 5.71133e-09
1e+06 1.15886e+07 4.18502e-09
1.25886e+07 3.2603e+06 3.06628e-09
1.58489e+07 4.104e+06 2.24677e-09
1.99529e+07 5.1662e+06 1.64638e-09
2.51191e+07 6.5039e+06 1.20649e-09
3.1623e+07 8.188e+06 8.84157e-10
3.9811e+07 1.0308e+07 6.47971e-10
5.0119e+07 1.29765e+07 4.74894e-10
