1e-09 2.6e-10 5.29294e-06
1.26e-09 3.2e-10 7.77446e-06
1.58e-09 4.2e-10 1.14697e-05
2e-09 5.1e-10 1.69736e-05
2.51e-09 6.5e-10 2.51606e-05
3.16e-09 8.2e-10 3.72952e-05
3.98e-09 1.03e-09 5.51648e-05
5.01e-09 1.3e-09 8.1225e-05
6.31e-09 1.63e-09 0.000118697
7.94e-09 2.06e-09 0.000171562
1e-08 2.6e-09 0.000244192
1.26e-08 3.2e-09 0.000340614
1.58e-08 4.2e-09 0.000462607
2e-08 5.1e-09 0.000607154
2.51e-08 6.5e-09 0.000763044
3.16e-08 8.2e-09 0.000908254
3.98e-08 1.03e-08 0.001011
5.01e-08 1.3e-08 0.00103803
6.31e-08 1.63e-08 0.000971075
7.94e-08 2.06e-08 0.000824595
1e-07 2.6e-08 0.000648991
1.26e-07 3.2e-08 0.000507079
1.58e-07 4.2e-08 0.000435415
2e-07 5.1e-08 0.000426857
2.51e-07 6.5e-08 0.000450571
3.16e-07 8.2e-08 0.000482029
3.98e-07 1.03e-07 0.000511569
5.01e-07 1.3e-07 0.000537283
6.31e-07 1.63e-07 0.000559198
7.94e-07 2.06e-07 0.000577677
1e-06 2.6e-07 0.000593151
1.26e-06 3.2e-07 0.000606083
1.58e-06 4.2e-07 0.000616891
2e-06 5.1e-07 0.00062596
2.51e-06 6.5e-07 0.000633619
3.16e-06 8.2e-07 0.000640143
3.98e-06 1.03e-06 0.000645759
5.01e-06 1.3e-06 0.00065065
6.31e-06 1.63e-06 0.000654963
7.94e-06 2.06e-06 0.000658815
1e-05 2.6e-06 0.000662299
1.26e-05 3.2e-06 0.000665491
1.58e-05 4.2e-06 0.000668448
2e-05 5.1e-06 0.000671217
2.51e-05 6.5e-06 0.000673837
3.16e-05 8.2e-06 0.000676342
3.98e-05 1.03e-05 0.000678756
5.01e-05 1.3e-05 0.000681105
6.31e-05 1.63e-05 0.000683409
7.94e-05 2.06e-05 0.000685688
0.0001 2.5897e-05 0.000687961
0.000125897 3.2591e-05 0.000690248
0.000158488 4.1041e-05 0.000692568
0.000199529 5.1662e-05 0.000694942
0.000251191 6.5038e-05 0.000697394
0.000316229 8.1881e-05 0.000699947
0.00039811 0.00010308 0.000702629
0.00050119 0.000129765 0.00070547
0.000630955 0.00016338 0.000708505
0.000794335 0.000205665 0.000711771
0.001 0.00025896 0.000715312
0.00125896 0.00032592 0.000719172
0.00158488 0.00041041 0.000723406
0.00199529 0.00051662 0.000728074
0.00251191 0.00065039 0.000733238
0.0031623 0.0008188 0.000738973
0.0039811 0.0010308 0.000745357
0.0050119 0.00129765 0.000752476
0.00630955 0.0016338 0.000760425
0.00794335 0.00205665 0.000769304
0.01 0.0025886 0.000779218
0.0125886 0.0032603 0.000790288
0.0158489 0.004104 0.000802629
0.0199529 0.0051663 0.000816364
0.0251192 0.0065037 0.00083162
0.0316229 0.0081881 0.000848528
0.039811 0.010308 0.000867217
0.050119 0.0129765 0.000887815
0.0630955 0.016337 0.000910452
0.0794325 0.0205675 0.000935244
0.1 0.025886 0.000962283
0.125886 0.032602 0.000991647
0.158488 0.041041 0.0010233
0.199529 0.051662 0.00105709
0.251191 0.065038 0.00109263
0.316229 0.081881 0.00112919
0.39811 0.10308 0.00116548
0.50119 0.129775 0.00119954
0.630965 0.16336 0.00122846
0.794325 0.205675 0.00124834
1 0.25886 0.00125427
1.25886 0.32603 0.00124073
1.58489 0.4104 0.00120239
1.99529 0.51662 0.00113555
2.51191 0.65039 0.00104001
3.1623 0.8188 0.000920952
3.9811 1.0308 0.000789717
5.0119 1.29765 0.000662262
6.30955 1.6338 0.000554655
7.94335 2.05665 0.000477189
10 2.5897 0.000430604
12.5897 3.2592 0.000408098
15.8489 4.1039 0.000402127
19.9528 5.1663 0.000410882
25.1191 6.5038 0.000439607
31.6229 8.1881 0.000496914
39.811 10.308 0.000588414
50.119 12.9765 0.00070988
63.0955 16.338 0.000843022
79.4335 20.5665 0.000957614
100 25.887 0.00102133
125.887 32.601 0.00101259
158.488 41.04 0.000929117
199.528 51.663 0.000787492
251.191 65.038 0.000615529
316.229 81.881 0.000443419
398.11 103.08 0.000296207
501.19 129.775 0.000187333
630.965 163.37 0.000116406
794.335 205.665 7.40254e-05
1000 258.86 4.93532e-05
1258.86 326.03 3.44525e-05
1584.89 410.39 2.48011e-05
1995.28 516.64 1.81277e-05
2511.92 650.38 1.33248e-05
3162.3 818.8 9.80616e-06
3981.1 1030.8 7.21397e-06
5011.9 1297.75 5.30299e-06
6309.65 1633.7 3.89551e-06
7943.35 2056.65 2.8599e-06
10000 2588.7 2.09879e-06
12588.7 3260.1 1.53943e-06
15848.8 4104 1.12886e-06
19952.8 5166.4 8.27619e-07
25119.2 6503.7 6.06658e-07
31622.9 8188.1 4.44623e-07
39811 10308 3.25831e-07
50119 12977.5 2.38754e-07
63096.5 16336 1.74943e-07
79432.5 20567.5 1.28177e-07
100000 25886 9.39158e-08
125886 32602 6.88017e-08
158488 41040 5.04048e-08
199528 51664 3.69278e-08
251192 65038 2.70545e-08
316230 81880 1.98209e-08
398110 103080 1.45216e-08
501190 129775 1.06392e-08
630965 163360 7.79518e-09
794325 205675 5.71141e-09
1e+06 1.15886e+07 4.18507e-09
1.25886e+07 3.2603e+06 3.06631e-09
1.58489e+07 4.104e+06 2.24679e-09
1.99529e+07 5.1662e+06 1.6464e-09
2.51191e+07 6.5039e+06 1.2065e-09
3.1623e+07 8.188e+06 8.84162e-10
3.9811e+07 1.0308e+07 6.47974e-10
5.0119e+07 1.29765e+07 4.74895e-10
