1e-09 2.6e-10 3.78876e-06
1.26e-09 3.2e-10 5.8314e-06
1.58e-09 4.2e-10 8.97306e-06
2e-09 5.1e-10 1.37861e-05
2.51e-09 6.5e-10 2.11216e-05
3.16e-09 8.2e-10 3.22211e-05
3.98e-09 1.03e-09 4.88533e-05
5.01e-09 1.3e-09 7.34601e-05
6.31e-09 1.63e-09 0.000109254
7.94e-09 2.06e-09 0.000160203
1e-08 2.6e-09 0.000230641
1.26e-08 3.2e-09 0.000324471
1.58e-08 4.2e-09 0.000443181
2e-08 5.1e-09 0.000583138
2.51e-08 6.5e-09 0.000732035
3.16e-08 8.2e-09 0.000866168
3.98e-08 1.03e-08 0.000951623
5.01e-08 1.3e-08 0.000953143
6.31e-08 1.63e-08 0.00085163
7.94e-08 2.06e-08 0.00066297
1e-07 2.6e-08 0.000441439
1.26e-07 3.2e-08 0.000254716
1.58e-07 4.2e-08 0.000142733
2e-07 5.1e-08 9.91088e-05
2.51e-07 6.5e-08 9.21329e-05
3.16e-07 8.2e-08 9.64703e-05
3.98e-07 1.03e-07 0.0001022
5.01e-07 1.3e-07 0.00010733
6.31e-07 1.63e-07 0.000111709
7.94e-07 2.06e-07 0.0001154
1e-06 2.6e-07 0.000118492
1.26e-06 3.2e-07 0.000121076
1.58e-06 4.2e-07 0.000123236
2e-06 5.1e-07 0.000125049
2.51e-06 6.5e-07 0.000126581
3.16e-06 8.2e-07 0.000127886
3.98e-06 1.03e-06 0.00012901
5.01e-06 1.3e-06 0.000129989
6.31e-06 1.63e-06 0.000130854
7.94e-06 2.06e-06 0.000131628
1e-05 2.6e-06 0.000132328
1.26e-05 3.2e-06 0.000132971
1.58e-05 4.2e-06 0.000133569
2e-05 5.1e-06 0.000134131
2.51e-05 6.5e-06 0.000134664
3.16e-05 8.2e-06 0.000135177
3.98e-05 1.03e-05 0.000135674
5.01e-05 1.3e-05 0.000136161
6.31e-05 1.63e-05 0.000136644
7.94e-05 2.06e-05 0.000137126
0.0001 2.5897e-05 0.000137612
0.000125897 3.2591e-05 0.000138108
0.000158488 4.1041e-05 0.00013862
0.000199529 5.1662e-05 0.000139152
0.000251191 6.5038e-05 0.000139713
0.000316229 8.1881e-05 0.000140308
0.00039811 0.00010308 0.000140948
0.00050119 0.000129765 0.000141643
0.000630955 0.00016338 0.000142403
0.000794335 0.000205665 0.000143243
0.001 0.00025896 0.000144178
0.00125896 0.00032592 0.000145227
0.00158488 0.00041041 0.000146412
0.00199529 0.00051662 0.000147757
0.00251191 0.00065039 0.000149292
0.0031623 0.0008188 0.000151053
0.0039811 0.0010308 0.000153081
0.0050119 0.00129765 0.000155423
0.00630955 0.0016338 0.000158138
0.00794335 0.00205665 0.000161293
0.01 0.0025886 0.000164967
0.0125886 0.0032603 0.000169258
0.0158489 0.004104 0.000174279
0.0199529 0.0051663 0.000180163
0.0251192 0.0065037 0.00018707
0.0316229 0.0081881 0.000195194
0.039811 0.010308 0.000204759
0.050119 0.0129765 0.000216033
0.0630955 0.016337 0.000229333
0.0794325 0.0205675 0.000245025
0.1 0.025886 0.000263522
0.125886 0.032602 0.000285308
0.158488 0.041041 0.00031087
0.199529 0.051662 0.000340708
0.251191 0.065038 0.000375258
0.316229 0.081881 0.00041479
0.39811 0.10308 0.000459246
0.50119 0.129775 0.000508027
0.630965 0.16336 0.000559699
0.794325 0.205675 0.000611718
1 0.25886 0.000660148
1.25886 0.32603 0.00069973
1.58489 0.4104 0.000724187
1.99529 0.51662 0.00072742
2.51191 0.65039 0.000705296
3.1623 0.8188 0.000657889
3.9811 1.0308 0.000591198
5.0119 1.29765 0.000516908
6.30955 1.6338 0.000449139
7.94335 2.05665 0.000399025
10 2.5897 0.000370231
12.5897 3.2592 0.000359377
15.8489 4.1039 0.000361436
19.9528 5.1663 0.000375782
25.1191 6.5038 0.000408012
31.6229 8.1881 0.000466954
39.811 10.308 0.000558728
50.119 12.9765 0.000679975
63.0955 16.338 0.00081342
79.4335 20.5665 0.000929627
100 25.887 0.000996514
125.887 32.601 0.000992162
158.488 41.04 0.000913567
199.528 51.663 0.000776565
251.191 65.038 0.000608452
316.229 81.881 0.000439197
398.11 103.08 0.000293872
501.19 129.775 0.000186111
630.965 163.37 0.000115778
794.335 205.665 7.36951e-05
1000 258.86 4.91711e-05
1258.86 326.03 3.43474e-05
1584.89 410.39 2.47386e-05
1995.28 516.64 1.80899e-05
2511.92 650.38 1.33019e-05
3162.3 818.8 9.7922e-06
3981.1 1030.8 7.20548e-06
5011.9 1297.75 5.29784e-06
6309.65 1633.7 3.89238e-06
7943.35 2056.65 2.85801e-06
10000 2588.7 2.09764e-06
12588.7 3260.1 1.53873e-06
15848.8 4104 1.12844e-06
19952.8 5166.4 8.27363e-07
25119.2 6503.7 6.06503e-07
31622.9 8188.1 4.4453e-07
39811 10308 3.25775e-07
50119 12977.5 2.3872e-07
63096.5 16336 1.74922e-07
79432.5 20567.5 1.28164e-07
100000 25886 9.39082e-08
125886 32602 6.87971e-08
158488 41040 5.0402e-08
199528 51664 3.69261e-08
251192 65038 2.70534e-08
316230 81880 1.98203e-08
398110 103080 1.45212e-08
501190 129775 1.0639e-08
630965 163360 7.79504e-09
794325 205675 5.71133e-09
1e+06 1.15886e+07 4.18502e-09
1.25886e+07 3.2603e+06 3.06628e-09
1.58489e+07 4.104e+06 2.24677e-09
1.99529e+07 5.1662e+06 1.64638e-09
2.51191e+07 6.5039e+06 1.20649e-09
3.1623e+07 8.188e+06 8.84158e-10
3.9811e+07 1.0308e+07 6.47971e-10
5.0119e+07 1.29765e+07 4.74894e-10
