1e-09 2.6e-10 4.06503e-06
1.26e-09 3.2e-10 6.25287e-06
1.58e-09 4.2e-10 9.61664e-06
2e-09 5.1e-10 1.47684e-05
2.51e-09 6.5e-10 2.26181e-05
3.16e-09 8.2e-10 3.4493e-05
3.98e-09 1.03e-09 5.22841e-05
5.01e-09 1.3e-09 7.86015e-05
6.31e-09 1.63e-09 0.000116879
7.94e-09 2.06e-09 0.00017136
1e-08 2.6e-09 0.000246674
1.26e-08 3.2e-09 0.000346999
1.58e-08 4.2e-09 0.000473923
2e-08 5.1e-09 0.000623574
2.51e-08 6.5e-09 0.000782804
3.16e-08 8.2e-09 0.000926294
3.98e-08 1.03e-08 0.00101781
5.01e-08 1.3e-08 0.00101969
6.31e-08 1.63e-08 0.000911532
7.94e-08 2.06e-08 0.000710292
1e-07 2.6e-08 0.000473953
1.26e-07 3.2e-08 0.00027481
1.58e-07 4.2e-08 0.000155513
2e-07 5.1e-08 0.000109235
2.51e-07 6.5e-08 0.000102086
3.16e-07 8.2e-08 0.000106995
3.98e-07 1.03e-07 0.000113359
5.01e-07 1.3e-07 0.00011905
6.31e-07 1.63e-07 0.000123906
7.94e-07 2.06e-07 0.000128001
1e-06 2.6e-07 0.000131431
1.26e-06 3.2e-07 0.000134297
1.58e-06 4.2e-07 0.000136693
2e-06 5.1e-07 0.000138704
2.51e-06 6.5e-07 0.000140402
3.16e-06 8.2e-07 0.00014185
3.98e-06 1.03e-06 0.000143097
5.01e-06 1.3e-06 0.000144183
6.31e-06 1.63e-06 0.000145142
7.94e-06 2.06e-06 0.000146
1e-05 2.6e-06 0.000146777
1.26e-05 3.2e-06 0.000147491
1.58e-05 4.2e-06 0.000148153
2e-05 5.1e-06 0.000148776
2.51e-05 6.5e-06 0.000149368
3.16e-05 8.2e-06 0.000149936
3.98e-05 1.03e-05 0.000150488
5.01e-05 1.3e-05 0.000151028
6.31e-05 1.63e-05 0.000151563
7.94e-05 2.06e-05 0.000152097
0.0001 2.5897e-05 0.000152637
0.000125897 3.2591e-05 0.000153187
0.000158488 4.1041e-05 0.000153753
0.000199529 5.1662e-05 0.000154343
0.000251191 6.5038e-05 0.000154964
0.000316229 8.1881e-05 0.000155624
0.00039811 0.00010308 0.000156333
0.00050119 0.000129765 0.000157102
0.000630955 0.00016338 0.000157944
0.000794335 0.000205665 0.000158874
0.001 0.00025896 0.00015991
0.00125896 0.00032592 0.000161071
0.00158488 0.00041041 0.000162383
0.00199529 0.00051662 0.000163872
0.00251191 0.00065039 0.000165571
0.0031623 0.0008188 0.00016752
0.0039811 0.0010308 0.000169764
0.0050119 0.00129765 0.000172355
0.00630955 0.0016338 0.000175359
0.00794335 0.00205665 0.000178848
0.01 0.0025886 0.000182911
0.0125886 0.0032603 0.000187656
0.0158489 0.004104 0.000193205
0.0199529 0.0051663 0.000199706
0.0251192 0.0065037 0.000207335
0.0316229 0.0081881 0.0002163
0.039811 0.010308 0.000226849
0.050119 0.0129765 0.000239271
0.0630955 0.016337 0.000253906
0.0794325 0.0205675 0.000271146
0.1 0.025886 0.000291428
0.125886 0.032602 0.000315256
0.158488 0.041041 0.000343126
0.199529 0.051662 0.000375531
0.251191 0.065038 0.000412872
0.316229 0.081881 0.000455345
0.39811 0.10308 0.000502764
0.50119 0.129775 0.000554332
0.630965 0.16336 0.000608351
0.794325 0.205675 0.000661953
1 0.25886 0.000710847
1.25886 0.32603 0.000749453
1.58489 0.4104 0.000771291
1.99529 0.51662 0.000770264
2.51191 0.65039 0.000742522
3.1623 0.8188 0.0006887
3.9811 1.0308 0.00061554
5.0119 1.29765 0.000535462
6.30955 1.6338 0.000463087
7.94335 2.05665 0.000409673
10 2.5897 0.000378672
12.5897 3.2592 0.00036634
15.8489 4.1039 0.000367362
19.9528 5.1663 0.000380975
25.1191 6.5038 0.00041275
31.6229 8.1881 0.000471498
39.811 10.308 0.000563273
50.119 12.9765 0.00068459
63.0955 16.338 0.000818018
79.4335 20.5665 0.000934
100 25.887 0.00100041
125.887 32.601 0.000995381
158.488 41.04 0.000916026
199.528 51.663 0.000778298
251.191 65.038 0.000609577
316.229 81.881 0.00043987
398.11 103.08 0.000294245
501.19 129.775 0.000186306
630.965 163.37 0.000115878
794.335 205.665 7.3748e-05
1000 258.86 4.92003e-05
1258.86 326.03 3.43643e-05
1584.89 410.39 2.47487e-05
1995.28 516.64 1.8096e-05
2511.92 650.38 1.33056e-05
3162.3 818.8 9.79445e-06
3981.1 1030.8 7.20685e-06
5011.9 1297.75 5.29867e-06
6309.65 1633.7 3.89289e-06
7943.35 2056.65 2.85831e-06
10000 2588.7 2.09782e-06
12588.7 3260.1 1.53884e-06
15848.8 4104 1.1285e-06
19952.8 5166.4 8.27404e-07
25119.2 6503.7 6.06529e-07
31622.9 8188.1 4.44545e-07
39811 10308 3.25784e-07
50119 12977.5 2.38726e-07
63096.5 16336 1.74925e-07
79432.5 20567.5 1.28166e-07
100000 25886 9.39094e-08
125886 32602 6.87978e-08
158488 41040 5.04024e-08
199528 51664 3.69264e-08
251192 65038 2.70536e-08
316230 81880 1.98204e-08
398110 103080 1.45213e-08
501190 129775 1.0639e-08
630965 163360 7.79506e-09
794325 205675 5.71134e-09
1e+06 1.15886e+07 4.18503e-09
1.25886e+07 3.2603e+06 3.06629e-09
1.58489e+07 4.104e+06 2.24677e-09
1.99529e+07 5.1662e+06 1.64639e-09
2.51191e+07 6.5039e+06 1.20649e-09
3.1623e+07 8.188e+06 8.84158e-10
3.9811e+07 1.0308e+07 6.47971e-10
5.0119e+07 1.29765e+07 4.74894e-10
