1e-09 2.6e-10 5.12474e-06
1.26e-09 3.2e-10 7.78806e-06
1.58e-09 4.2e-10 1.18518e-05
2e-09 5.1e-10 1.80355e-05
2.51e-09 6.5e-10 2.7406e-05
3.16e-09 8.2e-10 4.1517e-05
3.98e-09 1.03e-09 6.25778e-05
5.01e-09 1.3e-09 9.36354e-05
6.31e-09 1.63e-09 0.000138696
7.94e-09 2.06e-09 0.00020271
1e-08 2.6e-09 0.000291086
1.26e-08 3.2e-09 0.000408726
1.58e-08 4.2e-09 0.000557558
2e-08 5.1e-09 0.000733223
2.51e-08 6.5e-09 0.000920672
3.16e-08 8.2e-09 0.00109081
3.98e-08 1.03e-08 0.00120195
5.01e-08 1.3e-08 0.00121067
6.31e-08 1.63e-08 0.0010934
7.94e-08 2.06e-08 0.000869555
1e-07 2.6e-08 0.000605743
1.26e-07 3.2e-08 0.000385015
1.58e-07 4.2e-08 0.000256237
2e-07 5.1e-08 0.000211253
2.51e-07 6.5e-08 0.000210773
3.16e-07 8.2e-08 0.000223438
3.98e-07 1.03e-07 0.000236953
5.01e-07 1.3e-07 0.000248857
6.31e-07 1.63e-07 0.000259008
7.94e-07 2.06e-07 0.000267568
1e-06 2.6e-07 0.000274736
1.26e-06 3.2e-07 0.000280727
1.58e-06 4.2e-07 0.000285734
2e-06 5.1e-07 0.000289937
2.51e-06 6.5e-07 0.000293486
3.16e-06 8.2e-07 0.000296511
3.98e-06 1.03e-06 0.000299115
5.01e-06 1.3e-06 0.000301385
6.31e-06 1.63e-06 0.000303387
7.94e-06 2.06e-06 0.000305178
1e-05 2.6e-06 0.000306799
1.26e-05 3.2e-06 0.000308286
1.58e-05 4.2e-06 0.000309666
2e-05 5.1e-06 0.000310961
2.51e-05 6.5e-06 0.000312191
3.16e-05 8.2e-06 0.00031337
3.98e-05 1.03e-05 0.000314512
5.01e-05 1.3e-05 0.000315628
6.31e-05 1.63e-05 0.000316729
7.94e-05 2.06e-05 0.000317827
0.0001 2.5897e-05 0.000318931
0.000125897 3.2591e-05 0.000320051
0.000158488 4.1041e-05 0.000321201
0.000199529 5.1662e-05 0.000322392
0.000251191 6.5038e-05 0.000323638
0.000316229 8.1881e-05 0.000324956
0.00039811 0.00010308 0.000326362
0.00050119 0.000129765 0.000327878
0.000630955 0.00016338 0.000329526
0.000794335 0.000205665 0.000331334
0.001 0.00025896 0.000333334
0.00125896 0.00032592 0.00033556
0.00158488 0.00041041 0.000338055
0.00199529 0.00051662 0.000340868
0.00251191 0.00065039 0.000344054
0.0031623 0.0008188 0.000347679
0.0039811 0.0010308 0.000351818
0.0050119 0.00129765 0.000356559
0.00630955 0.0016338 0.000362004
0.00794335 0.00205665 0.00036827
0.01 0.0025886 0.00037549
0.0125886 0.0032603 0.000383829
0.0158489 0.004104 0.000393462
0.0199529 0.0051663 0.000404597
0.0251192 0.0065037 0.00041747
0.0316229 0.0081881 0.000432352
0.039811 0.010308 0.000449543
0.050119 0.0129765 0.000469374
0.0630955 0.016337 0.000492208
0.0794325 0.0205675 0.000518424
0.1 0.025886 0.00054839
0.125886 0.032602 0.000582479
0.158488 0.041041 0.000620946
0.199529 0.051662 0.000663912
0.251191 0.065038 0.00071125
0.316229 0.081881 0.000762439
0.39811 0.10308 0.000816385
0.50119 0.129775 0.000871212
0.630965 0.16336 0.000924037
0.794325 0.205675 0.000970832
1 0.25886 0.00100637
1.25886 0.32603 0.00102456
1.58489 0.4104 0.00101921
1.99529 0.51662 0.000985386
2.51191 0.65039 0.00092144
3.1623 0.8188 0.000830977
3.9811 1.0308 0.000723959
5.0119 1.29765 0.000615484
6.30955 1.6338 0.000521559
7.94335 2.05665 0.000453221
10 2.5897 0.000412454
12.5897 3.2592 0.0003937
15.8489 4.1039 0.000390278
19.9528 5.1663 0.00040079
25.1191 6.5038 0.000430621
31.6229 8.1881 0.00048847
39.811 10.308 0.000580113
50.119 12.9765 0.000701573
63.0955 16.338 0.000834845
79.4335 20.5665 0.00094992
100 25.887 0.00101453
125.887 32.601 0.00100702
158.488 41.04 0.000924887
199.528 51.663 0.000784526
251.191 65.038 0.000613613
316.229 81.881 0.000442278
398.11 103.08 0.000295577
501.19 129.775 0.000187004
630.965 163.37 0.000116237
794.335 205.665 7.39366e-05
1000 258.86 4.93043e-05
1258.86 326.03 3.44243e-05
1584.89 410.39 2.47844e-05
1995.28 516.64 1.81175e-05
2511.92 650.38 1.33187e-05
3162.3 818.8 9.80243e-06
3981.1 1030.8 7.2117e-06
5011.9 1297.75 5.30162e-06
6309.65 1633.7 3.89468e-06
7943.35 2056.65 2.8594e-06
10000 2588.7 2.09848e-06
12588.7 3260.1 1.53924e-06
15848.8 4104 1.12874e-06
19952.8 5166.4 8.27551e-07
25119.2 6503.7 6.06617e-07
31622.9 8188.1 4.44598e-07
39811 10308 3.25816e-07
50119 12977.5 2.38745e-07
63096.5 16336 1.74937e-07
79432.5 20567.5 1.28174e-07
100000 25886 9.39138e-08
125886 32602 6.88005e-08
158488 41040 5.0404e-08
199528 51664 3.69274e-08
251192 65038 2.70542e-08
316230 81880 1.98208e-08
398110 103080 1.45215e-08
501190 129775 1.06391e-08
630965 163360 7.79514e-09
794325 205675 5.71139e-09
1e+06 1.15886e+07 4.18506e-09
1.25886e+07 3.2603e+06 3.0663e-09
1.58489e+07 4.104e+06 2.24678e-09
1.99529e+07 5.1662e+06 1.64639e-09
2.51191e+07 6.5039e+06 1.20649e-09
3.1623e+07 8.188e+06 8.84161e-10
3.9811e+07 1.0308e+07 6.47973e-10
5.0119e+07 1.29765e+07 4.74895e-10
