1e-09 2.6e-10 4.42892e-06
1.26e-09 3.2e-10 6.80294e-06
1.58e-09 4.2e-10 1.04498e-05
2e-09 5.1e-10 1.60311e-05
2.51e-09 6.5e-10 2.45298e-05
3.16e-09 8.2e-10 3.73802e-05
3.98e-09 1.03e-09 5.66245e-05
5.01e-09 1.3e-09 8.50817e-05
6.31e-09 1.63e-09 0.00012646
7.94e-09 2.06e-09 0.000185342
1e-08 2.6e-09 0.000266729
1.26e-08 3.2e-09 0.000375134
1.58e-08 4.2e-09 0.000512281
2e-08 5.1e-09 0.000674004
2.51e-08 6.5e-09 0.000846134
3.16e-08 8.2e-09 0.00100137
3.98e-08 1.03e-08 0.00110065
5.01e-08 1.3e-08 0.00110335
6.31e-08 1.63e-08 0.000987448
7.94e-08 2.06e-08 0.000771236
1e-07 2.6e-08 0.000517218
1.26e-07 3.2e-08 0.000303338
1.58e-07 4.2e-08 0.000175565
2e-07 5.1e-08 0.000126505
2.51e-07 6.5e-08 0.000119586
3.16e-07 8.2e-08 0.000125594
3.98e-07 1.03e-07 0.000133087
5.01e-07 1.3e-07 0.000139769
6.31e-07 1.63e-07 0.000145471
7.94e-07 2.06e-07 0.000150278
1e-06 2.6e-07 0.000154304
1.26e-06 3.2e-07 0.00015767
1.58e-06 4.2e-07 0.000160482
2e-06 5.1e-07 0.000162843
2.51e-06 6.5e-07 0.000164837
3.16e-06 8.2e-07 0.000166537
3.98e-06 1.03e-06 0.000168
5.01e-06 1.3e-06 0.000169276
6.31e-06 1.63e-06 0.000170402
7.94e-06 2.06e-06 0.000171409
1e-05 2.6e-06 0.000172321
1.26e-05 3.2e-06 0.000173158
1.58e-05 4.2e-06 0.000173936
2e-05 5.1e-06 0.000174667
2.51e-05 6.5e-06 0.000175361
3.16e-05 8.2e-06 0.000176028
3.98e-05 1.03e-05 0.000176674
5.01e-05 1.3e-05 0.000177308
6.31e-05 1.63e-05 0.000177935
7.94e-05 2.06e-05 0.000178561
0.0001 2.5897e-05 0.000179193
0.000125897 3.2591e-05 0.000179837
0.000158488 4.1041e-05 0.0001805
0.000199529 5.1662e-05 0.00018119
0.000251191 6.5038e-05 0.000181916
0.000316229 8.1881e-05 0.000182687
0.00039811 0.00010308 0.000183515
0.00050119 0.000129765 0.000184413
0.000630955 0.00016338 0.000185395
0.000794335 0.000205665 0.00018648
0.001 0.00025896 0.000187686
0.00125896 0.00032592 0.000189038
0.00158488 0.00041041 0.000190564
0.00199529 0.00051662 0.000192296
0.00251191 0.00065039 0.000194271
0.0031623 0.0008188 0.000196534
0.0039811 0.0010308 0.000199138
0.0050119 0.00129765 0.000202143
0.00630955 0.0016338 0.000205623
0.00794335 0.00205665 0.000209663
0.01 0.0025886 0.000214362
0.0125886 0.0032603 0.000219844
0.0158489 0.004104 0.000226247
0.0199529 0.0051663 0.000233738
0.0251192 0.0065037 0.000242515
0.0316229 0.0081881 0.000252809
0.039811 0.010308 0.000264894
0.050119 0.0129765 0.000279087
0.0630955 0.016337 0.000295757
0.0794325 0.0205675 0.000315321
0.1 0.025886 0.000338235
0.125886 0.032602 0.000365012
0.158488 0.041041 0.000396137
0.199529 0.051662 0.000432058
0.251191 0.065038 0.000473093
0.316229 0.081881 0.000519288
0.39811 0.10308 0.000570239
0.50119 0.129775 0.000624852
0.630965 0.16336 0.000681051
0.794325 0.205675 0.00073555
1 0.25886 0.00078364
1.25886 0.32603 0.000819418
1.58489 0.4104 0.000836266
1.99529 0.51662 0.000828241
2.51191 0.65039 0.000791989
3.1623 0.8188 0.000728953
3.9811 1.0308 0.00064685
5.0119 1.29765 0.000558993
6.30955 1.6338 0.000480555
7.94335 2.05665 0.000422862
10 2.5897 0.000389024
12.5897 3.2592 0.000374809
15.8489 4.1039 0.000374516
19.9528 5.1663 0.000387206
25.1191 6.5038 0.000418404
31.6229 8.1881 0.000476895
39.811 10.308 0.000568652
50.119 12.9765 0.000690034
63.0955 16.338 0.000823429
79.4335 20.5665 0.000939132
100 25.887 0.00100497
125.887 32.601 0.000999147
158.488 41.04 0.000918898
199.528 51.663 0.000780319
251.191 65.038 0.000610889
316.229 81.881 0.000440653
398.11 103.08 0.000294678
501.19 129.775 0.000186534
630.965 163.37 0.000115995
794.335 205.665 7.38095e-05
1000 258.86 4.92342e-05
1258.86 326.03 3.43839e-05
1584.89 410.39 2.47603e-05
1995.28 516.64 1.8103e-05
2511.92 650.38 1.33098e-05
3162.3 818.8 9.79706e-06
3981.1 1030.8 7.20844e-06
5011.9 1297.75 5.29963e-06
6309.65 1633.7 3.89347e-06
7943.35 2056.65 2.85867e-06
10000 2588.7 2.09804e-06
12588.7 3260.1 1.53897e-06
15848.8 4104 1.12858e-06
19952.8 5166.4 8.27452e-07
25119.2 6503.7 6.06558e-07
31622.9 8188.1 4.44562e-07
39811 10308 3.25794e-07
50119 12977.5 2.38732e-07
63096.5 16336 1.74929e-07
79432.5 20567.5 1.28169e-07
100000 25886 9.39109e-08
125886 32602 6.87987e-08
158488 41040 5.0403e-08
199528 51664 3.69267e-08
251192 65038 2.70538e-08
316230 81880 1.98205e-08
398110 103080 1.45214e-08
501190 129775 1.0639e-08
630965 163360 7.79509e-09
794325 205675 5.71136e-09
1e+06 1.15886e+07 4.18504e-09
1.25886e+07 3.2603e+06 3.06629e-09
1.58489e+07 4.104e+06 2.24677e-09
1.99529e+07 5.1662e+06 1.64639e-09
2.51191e+07 6.5039e+06 1.20649e-09
3.1623e+07 8.188e+06 8.84159e-10
3.9811e+07 1.0308e+07 6.47972e-10
5.0119e+07 1.29765e+07 4.74894e-10
