1e-09 2.6e-10 3.63544e-06
1.26e-09 3.2e-10 5.59652e-06
1.58e-09 4.2e-10 8.61309e-06
2e-09 5.1e-10 1.3235e-05
2.51e-09 6.5e-10 2.02797e-05
3.16e-09 8.2e-10 3.09399e-05
3.98e-09 1.03e-09 4.69149e-05
5.01e-09 1.3e-09 7.05503e-05
6.31e-09 1.63e-09 0.000104932
7.94e-09 2.06e-09 0.000153874
1e-08 2.6e-09 0.000221537
1.26e-08 3.2e-09 0.000311672
1.58e-08 4.2e-09 0.000425707
2e-08 5.1e-09 0.000560151
2.51e-08 6.5e-09 0.000703175
3.16e-08 8.2e-09 0.000832004
3.98e-08 1.03e-08 0.00091405
5.01e-08 1.3e-08 0.000915436
6.31e-08 1.63e-08 0.000817811
7.94e-08 2.06e-08 0.000636441
1e-07 2.6e-08 0.000423481
1.26e-07 3.2e-08 0.000243965
1.58e-07 4.2e-08 0.000136264
2e-07 5.1e-08 9.42511e-05
2.51e-07 6.5e-08 8.74591e-05
3.16e-07 8.2e-08 9.15464e-05
3.98e-07 1.03e-07 9.69811e-05
5.01e-07 1.3e-07 0.000101849
6.31e-07 1.63e-07 0.000106004
7.94e-07 2.06e-07 0.000109507
1e-06 2.6e-07 0.000112441
1.26e-06 3.2e-07 0.000114893
1.58e-06 4.2e-07 0.000116943
2e-06 5.1e-07 0.000118663
2.51e-06 6.5e-07 0.000120116
3.16e-06 8.2e-07 0.000121355
3.98e-06 1.03e-06 0.000122422
5.01e-06 1.3e-06 0.000123351
6.31e-06 1.63e-06 0.000124172
7.94e-06 2.06e-06 0.000124906
1e-05 2.6e-06 0.000125571
1.26e-05 3.2e-06 0.000126181
1.58e-05 4.2e-06 0.000126748
2e-05 5.1e-06 0.000127281
2.51e-05 6.5e-06 0.000127787
3.16e-05 8.2e-06 0.000128274
3.98e-05 1.03e-05 0.000128746
5.01e-05 1.3e-05 0.000129208
6.31e-05 1.63e-05 0.000129666
7.94e-05 2.06e-05 0.000130123
0.0001 2.5897e-05 0.000130585
0.000125897 3.2591e-05 0.000131056
0.000158488 4.1041e-05 0.000131541
0.000199529 5.1662e-05 0.000132046
0.000251191 6.5038e-05 0.000132578
0.000316229 8.1881e-05 0.000133143
0.00039811 0.00010308 0.000133751
0.00050119 0.000129765 0.00013441
0.000630955 0.00016338 0.000135131
0.000794335 0.000205665 0.000135928
0.001 0.00025896 0.000136815
0.00125896 0.00032592 0.000137811
0.00158488 0.00041041 0.000138934
0.00199529 0.00051662 0.000140211
0.00251191 0.00065039 0.000141667
0.0031623 0.0008188 0.000143338
0.0039811 0.0010308 0.000145261
0.0050119 0.00129765 0.000147482
0.00630955 0.0016338 0.000150057
0.00794335 0.00205665 0.000153049
0.01 0.0025886 0.000156533
0.0125886 0.0032603 0.000160603
0.0158489 0.004104 0.000165364
0.0199529 0.0051663 0.000170944
0.0251192 0.0065037 0.000177495
0.0316229 0.0081881 0.000185199
0.039811 0.010308 0.000194272
0.050119 0.0129765 0.000204969
0.0630955 0.016337 0.000217592
0.0794325 0.0205675 0.000232493
0.1 0.025886 0.00025007
0.125886 0.032602 0.00027079
0.158488 0.041041 0.000295133
0.199529 0.051662 0.000323593
0.251191 0.065038 0.000356616
0.316229 0.081881 0.000394503
0.39811 0.10308 0.000437253
0.50119 0.129775 0.000484361
0.630965 0.16336 0.000534532
0.794325 0.205675 0.000585403
1 0.25886 0.00063324
1.25886 0.32603 0.000672986
1.58489 0.4104 0.000698515
1.99529 0.51662 0.000703764
2.51191 0.65039 0.000684484
3.1623 0.8188 0.00064046
3.9811 1.0308 0.000577278
5.0119 1.29765 0.000506191
6.30955 1.6338 0.00044101
7.94335 2.05665 0.000392768
10 2.5897 0.000365237
12.5897 3.2592 0.000355231
15.8489 4.1039 0.00035789
19.9528 5.1663 0.00037266
25.1191 6.5038 0.000405152
31.6229 8.1881 0.000464202
39.811 10.308 0.000555968
50.119 12.9765 0.000677165
63.0955 16.338 0.000810614
79.4335 20.5665 0.000926956
100 25.887 0.000994131
125.887 32.601 0.00099019
158.488 41.04 0.000912059
199.528 51.663 0.000775501
251.191 65.038 0.000607761
316.229 81.881 0.000438784
398.11 103.08 0.000293643
501.19 129.775 0.000185991
630.965 163.37 0.000115716
794.335 205.665 7.36625e-05
1000 258.86 4.91531e-05
1258.86 326.03 3.4337e-05
1584.89 410.39 2.47324e-05
1995.28 516.64 1.80861e-05
2511.92 650.38 1.32996e-05
3162.3 818.8 9.79082e-06
3981.1 1030.8 7.20464e-06
5011.9 1297.75 5.29733e-06
6309.65 1633.7 3.89207e-06
7943.35 2056.65 2.85782e-06
10000 2588.7 2.09752e-06
12588.7 3260.1 1.53866e-06
15848.8 4104 1.12839e-06
19952.8 5166.4 8.27337e-07
25119.2 6503.7 6.06488e-07
31622.9 8188.1 4.4452e-07
39811 10308 3.25769e-07
50119 12977.5 2.38717e-07
63096.5 16336 1.7492e-07
79432.5 20567.5 1.28163e-07
100000 25886 9.39074e-08
125886 32602 6.87966e-08
158488 41040 5.04017e-08
199528 51664 3.6926e-08
251192 65038 2.70533e-08
316230 81880 1.98202e-08
398110 103080 1.45212e-08
501190 129775 1.06389e-08
630965 163360 7.79503e-09
794325 205675 5.71132e-09
1e+06 1.15886e+07 4.18501e-09
1.25886e+07 3.2603e+06 3.06628e-09
1.58489e+07 4.104e+06 2.24677e-09
1.99529e+07 5.1662e+06 1.64638e-09
2.51191e+07 6.5039e+06 1.20649e-09
3.1623e+07 8.188e+06 8.84157e-10
3.9811e+07 1.0308e+07 6.47971e-10
5.0119e+07 1.29765e+07 4.74894e-10
