1e-09 2.6e-10 4.31808e-06
1.26e-09 3.2e-10 6.6362e-06
1.58e-09 4.2e-10 1.01983e-05
2e-09 5.1e-10 1.56514e-05
2.51e-09 6.5e-10 2.39568e-05
3.16e-09 8.2e-10 3.65174e-05
3.98e-09 1.03e-09 5.53305e-05
5.01e-09 1.3e-09 8.31538e-05
6.31e-09 1.63e-09 0.000123615
7.94e-09 2.06e-09 0.000181195
1e-08 2.6e-09 0.000260788
1.26e-08 3.2e-09 0.000366805
1.58e-08 4.2e-09 0.000500933
2e-08 5.1e-09 0.000659088
2.51e-08 6.5e-09 0.0008274
3.16e-08 8.2e-09 0.000979151
3.98e-08 1.03e-08 0.0010761
5.01e-08 1.3e-08 0.0010785
6.31e-08 1.63e-08 0.000964793
7.94e-08 2.06e-08 0.000752891
1e-07 2.6e-08 0.000503971
1.26e-07 3.2e-08 0.000294326
1.58e-07 4.2e-08 0.000168953
2e-07 5.1e-08 0.000120628
2.51e-07 6.5e-08 0.000113567
3.16e-07 8.2e-08 0.000119186
3.98e-07 1.03e-07 0.00012629
5.01e-07 1.3e-07 0.00013263
6.31e-07 1.63e-07 0.00013804
7.94e-07 2.06e-07 0.000142602
1e-06 2.6e-07 0.000146423
1.26e-06 3.2e-07 0.000149616
1.58e-06 4.2e-07 0.000152285
2e-06 5.1e-07 0.000154525
2.51e-06 6.5e-07 0.000156418
3.16e-06 8.2e-07 0.00015803
3.98e-06 1.03e-06 0.000159419
5.01e-06 1.3e-06 0.00016063
6.31e-06 1.63e-06 0.000161698
7.94e-06 2.06e-06 0.000162654
1e-05 2.6e-06 0.000163519
1.26e-05 3.2e-06 0.000164314
1.58e-05 4.2e-06 0.000165052
2e-05 5.1e-06 0.000165746
2.51e-05 6.5e-06 0.000166405
3.16e-05 8.2e-06 0.000167038
3.98e-05 1.03e-05 0.000167652
5.01e-05 1.3e-05 0.000168253
6.31e-05 1.63e-05 0.000168848
7.94e-05 2.06e-05 0.000169443
0.0001 2.5897e-05 0.000170043
0.000125897 3.2591e-05 0.000170655
0.000158488 4.1041e-05 0.000171285
0.000199529 5.1662e-05 0.000171941
0.000251191 6.5038e-05 0.000172631
0.000316229 8.1881e-05 0.000173364
0.00039811 0.00010308 0.000174151
0.00050119 0.000129765 0.000175005
0.000630955 0.00016338 0.00017594
0.000794335 0.000205665 0.000176972
0.001 0.00025896 0.00017812
0.00125896 0.00032592 0.000179408
0.00158488 0.00041041 0.000180861
0.00199529 0.00051662 0.00018251
0.00251191 0.00065039 0.000184393
0.0031623 0.0008188 0.00018655
0.0039811 0.0010308 0.000189032
0.0050119 0.00129765 0.000191899
0.00630955 0.0016338 0.000195219
0.00794335 0.00205665 0.000199075
0.01 0.0025886 0.000203562
0.0125886 0.0032603 0.000208799
0.0158489 0.004104 0.000214919
0.0199529 0.0051663 0.000222082
0.0251192 0.0065037 0.00023048
0.0316229 0.0081881 0.000240338
0.039811 0.010308 0.000251921
0.050119 0.0129765 0.000265538
0.0630955 0.016337 0.000281549
0.0794325 0.0205675 0.000300367
0.1 0.025886 0.000322441
0.125886 0.032602 0.000348287
0.158488 0.041041 0.000378394
0.199529 0.051662 0.000413232
0.251191 0.065038 0.000453146
0.316229 0.081881 0.000498237
0.39811 0.10308 0.000548171
0.50119 0.129775 0.000601951
0.630965 0.16336 0.000657618
0.794325 0.205675 0.000712011
1 0.25886 0.000760541
1.25886 0.32603 0.000797391
1.58489 0.4104 0.000815967
1.99529 0.51662 0.000810263
2.51191 0.65039 0.000776757
3.1623 0.8188 0.000716639
3.9811 1.0308 0.000637329
5.0119 1.29765 0.000551876
6.30955 1.6338 0.000475297
7.94335 2.05665 0.000418909
10 2.5897 0.000385933
12.5897 3.2592 0.000372288
15.8489 4.1039 0.000372393
19.9528 5.1663 0.000385361
25.1191 6.5038 0.000416733
31.6229 8.1881 0.000475303
39.811 10.308 0.000567067
50.119 12.9765 0.000688432
63.0955 16.338 0.000821839
79.4335 20.5665 0.000937625
100 25.887 0.00100363
125.887 32.601 0.000998043
158.488 41.04 0.000918057
199.528 51.663 0.000779727
251.191 65.038 0.000610504
316.229 81.881 0.000440424
398.11 103.08 0.000294552
501.19 129.775 0.000186467
630.965 163.37 0.000115961
794.335 205.665 7.37915e-05
1000 258.86 4.92243e-05
1258.86 326.03 3.43781e-05
1584.89 410.39 2.47569e-05
1995.28 516.64 1.8101e-05
2511.92 650.38 1.33086e-05
3162.3 818.8 9.79629e-06
3981.1 1030.8 7.20797e-06
5011.9 1297.75 5.29935e-06
6309.65 1633.7 3.8933e-06
7943.35 2056.65 2.85856e-06
10000 2588.7 2.09797e-06
12588.7 3260.1 1.53893e-06
15848.8 4104 1.12856e-06
19952.8 5166.4 8.27438e-07
25119.2 6503.7 6.06549e-07
31622.9 8188.1 4.44557e-07
39811 10308 3.25791e-07
50119 12977.5 2.3873e-07
63096.5 16336 1.74928e-07
79432.5 20567.5 1.28168e-07
100000 25886 9.39105e-08
125886 32602 6.87985e-08
158488 41040 5.04028e-08
199528 51664 3.69266e-08
251192 65038 2.70537e-08
316230 81880 1.98205e-08
398110 103080 1.45214e-08
501190 129775 1.0639e-08
630965 163360 7.79508e-09
794325 205675 5.71136e-09
1e+06 1.15886e+07 4.18503e-09
1.25886e+07 3.2603e+06 3.06629e-09
1.58489e+07 4.104e+06 2.24677e-09
1.99529e+07 5.1662e+06 1.64639e-09
2.51191e+07 6.5039e+06 1.20649e-09
3.1623e+07 8.188e+06 8.84159e-10
3.9811e+07 1.0308e+07 6.47972e-10
5.0119e+07 1.29765e+07 4.74894e-10
