1e-09 2.6e-10 4.23589e-06
1.26e-09 3.2e-10 6.51583e-06
1.58e-09 4.2e-10 1.00213e-05
2e-09 5.1e-10 1.53901e-05
2.51e-09 6.5e-10 2.35706e-05
3.16e-09 8.2e-10 3.59463e-05
3.98e-09 1.03e-09 5.44878e-05
5.01e-09 1.3e-09 8.19155e-05
6.31e-09 1.63e-09 0.000121808
7.94e-09 2.06e-09 0.000178588
1e-08 2.6e-09 0.000257082
1.26e-08 3.2e-09 0.00036164
1.58e-08 4.2e-09 0.000493922
2e-08 5.1e-09 0.000649886
2.51e-08 6.5e-09 0.000815831
3.16e-08 8.2e-09 0.000965364
3.98e-08 1.03e-08 0.00106072
5.01e-08 1.3e-08 0.00106264
6.31e-08 1.63e-08 0.000949852
7.94e-08 2.06e-08 0.000740043
1e-07 2.6e-08 0.000493644
1.26e-07 3.2e-08 0.00028601
1.58e-07 4.2e-08 0.000161598
2e-07 5.1e-08 0.000113293
2.51e-07 6.5e-08 0.000105775
3.16e-07 8.2e-08 0.000110827
3.98e-07 1.03e-07 0.000117398
5.01e-07 1.3e-07 0.000123272
6.31e-07 1.63e-07 0.00012828
7.94e-07 2.06e-07 0.000132499
1e-06 2.6e-07 0.000136027
1.26e-06 3.2e-07 0.000138971
1.58e-06 4.2e-07 0.000141428
2e-06 5.1e-07 0.000143486
2.51e-06 6.5e-07 0.00014522
3.16e-06 8.2e-07 0.000146694
3.98e-06 1.03e-06 0.00014796
5.01e-06 1.3e-06 0.00014906
6.31e-06 1.63e-06 0.000150027
7.94e-06 2.06e-06 0.00015089
1e-05 2.6e-06 0.000151669
1.26e-05 3.2e-06 0.000152382
1.58e-05 4.2e-06 0.000153042
2e-05 5.1e-06 0.000153661
2.51e-05 6.5e-06 0.000154248
3.16e-05 8.2e-06 0.00015481
3.98e-05 1.03e-05 0.000155355
5.01e-05 1.3e-05 0.000155888
6.31e-05 1.63e-05 0.000156415
7.94e-05 2.06e-05 0.000156942
0.0001 2.5897e-05 0.000157474
0.000125897 3.2591e-05 0.000158016
0.000158488 4.1041e-05 0.000158575
0.000199529 5.1662e-05 0.000159159
0.000251191 6.5038e-05 0.000159774
0.000316229 8.1881e-05 0.00016043
0.00039811 0.00010308 0.000161136
0.00050119 0.000129765 0.000161903
0.000630955 0.00016338 0.000162746
0.000794335 0.000205665 0.00016368
0.001 0.00025896 0.000164723
0.00125896 0.00032592 0.000165895
0.00158488 0.00041041 0.000167223
0.00199529 0.00051662 0.000168733
0.00251191 0.00065039 0.000170461
0.0031623 0.0008188 0.000172447
0.0039811 0.0010308 0.000174737
0.0050119 0.00129765 0.000177388
0.00630955 0.0016338 0.000180464
0.00794335 0.00205665 0.000184043
0.01 0.0025886 0.000188216
0.0125886 0.0032603 0.000193096
0.0158489 0.004104 0.000198809
0.0199529 0.0051663 0.00020551
0.0251192 0.0065037 0.000213384
0.0316229 0.0081881 0.000222648
0.039811 0.010308 0.000233561
0.050119 0.0129765 0.00024643
0.0630955 0.016337 0.000261613
0.0794325 0.0205675 0.000279529
0.1 0.025886 0.000300644
0.125886 0.032602 0.000325503
0.158488 0.041041 0.000354651
0.199529 0.051662 0.000388637
0.251191 0.065038 0.000427932
0.316229 0.081881 0.000472802
0.39811 0.10308 0.000523127
0.50119 0.129775 0.000578157
0.630965 0.16336 0.000636186
0.794325 0.205675 0.000694259
1 0.25886 0.000747864
1.25886 0.32603 0.000791049
1.58489 0.4104 0.000816794
1.99529 0.51662 0.000818373
2.51191 0.65039 0.000791361
3.1623 0.8188 0.000736097
3.9811 1.0308 0.000659523
5.0119 1.29765 0.000574828
6.30955 1.6338 0.00049776
7.94335 2.05665 0.000440598
10 2.5897 0.00040726
12.5897 3.2592 0.000393868
15.8489 4.1039 0.000394802
19.9528 5.1663 0.000409384
25.1191 6.5038 0.00044383
31.6229 8.1881 0.000507848
39.811 10.308 0.000607971
50.119 12.9765 0.000740031
63.0955 16.338 0.000884418
79.4335 20.5665 0.00100847
100 25.887 0.00107751
125.887 32.601 0.0010691
158.488 41.04 0.000981553
199.528 51.663 0.000831993
251.191 65.038 0.000647969
316.229 81.881 0.000461135
398.11 103.08 0.00030118
501.19 129.775 0.000185103
630.965 163.37 0.000111867
794.335 205.665 6.96305e-05
1000 258.86 4.58518e-05
1258.86 326.03 3.18904e-05
1584.89 410.39 2.30175e-05
1995.28 516.64 1.69315e-05
2511.92 650.38 1.2549e-05
3162.3 818.8 9.32036e-06
3981.1 1030.8 6.92261e-06
5011.9 1297.75 5.13877e-06
6309.65 1633.7 3.81229e-06
7943.35 2056.65 2.82672e-06
10000 2588.7 2.09521e-06
12588.7 3260.1 1.55229e-06
15848.8 4104 1.14981e-06
19952.8 5166.4 8.51566e-07
25119.2 6503.7 6.30609e-07
31622.9 8188.1 4.66946e-07
39811 10308 3.45746e-07
50119 12977.5 2.56001e-07
63096.5 16336 1.8956e-07
79432.5 20567.5 1.40365e-07
100000 25886 1.03951e-07
125886 32602 7.69789e-08
158488 41040 5.70127e-08
199528 51664 4.22305e-08
251192 65038 3.12848e-08
316230 81880 2.31788e-08
398110 103080 1.71754e-08
501190 129775 1.27287e-08
630965 163360 9.43494e-09
794325 205675 6.9945e-09
1e+06 1.15886e+07 5.18653e-09
1.25886e+07 3.2603e+06 3.84609e-09
1.58489e+07 4.104e+06 2.85274e-09
1.99529e+07 5.1662e+06 2.11642e-09
2.51191e+07 6.5039e+06 1.57049e-09
3.1623e+07 8.188e+06 1.16563e-09
3.9811e+07 1.0308e+07 8.65332e-10
5.0119e+07 1.29765e+07 6.42546e-10
