1e-09 2.6e-10 4.06084e-06
1.26e-09 3.2e-10 6.24843e-06
1.58e-09 4.2e-10 9.61251e-06
2e-09 5.1e-10 1.47656e-05
2.51e-09 6.5e-10 2.26185e-05
3.16e-09 8.2e-10 3.44997e-05
3.98e-09 1.03e-09 5.2302e-05
5.01e-09 1.3e-09 7.86381e-05
6.31e-09 1.63e-09 0.000116945
7.94e-09 2.06e-09 0.000171471
1e-08 2.6e-09 0.000246851
1.26e-08 3.2e-09 0.000347263
1.58e-08 4.2e-09 0.000474298
2e-08 5.1e-09 0.000624075
2.51e-08 6.5e-09 0.000783424
3.16e-08 8.2e-09 0.00092699
3.98e-08 1.03e-08 0.00101849
5.01e-08 1.3e-08 0.00102021
6.31e-08 1.63e-08 0.000911702
7.94e-08 2.06e-08 0.000709975
1e-07 2.6e-08 0.000473084
1.26e-07 3.2e-08 0.000273433
1.58e-07 4.2e-08 0.000153736
2e-07 5.1e-08 0.000107164
2.51e-07 6.5e-08 9.97889e-05
3.16e-07 8.2e-08 0.000104505
3.98e-07 1.03e-07 0.000110697
5.01e-07 1.3e-07 0.000116236
6.31e-07 1.63e-07 0.000120958
7.94e-07 2.06e-07 0.000124935
1e-06 2.6e-07 0.000128262
1.26e-06 3.2e-07 0.000131039
1.58e-06 4.2e-07 0.000133355
2e-06 5.1e-07 0.000135295
2.51e-06 6.5e-07 0.000136931
3.16e-06 8.2e-07 0.00013832
3.98e-06 1.03e-06 0.000139514
5.01e-06 1.3e-06 0.000140551
6.31e-06 1.63e-06 0.000141464
7.94e-06 2.06e-06 0.000142277
1e-05 2.6e-06 0.000143012
1.26e-05 3.2e-06 0.000143684
1.58e-05 4.2e-06 0.000144306
2e-05 5.1e-06 0.00014489
2.51e-05 6.5e-06 0.000145443
3.16e-05 8.2e-06 0.000145974
3.98e-05 1.03e-05 0.000146487
5.01e-05 1.3e-05 0.00014699
6.31e-05 1.63e-05 0.000147487
7.94e-05 2.06e-05 0.000147984
0.0001 2.5897e-05 0.000148485
0.000125897 3.2591e-05 0.000148997
0.000158488 4.1041e-05 0.000149525
0.000199529 5.1662e-05 0.000150075
0.000251191 6.5038e-05 0.000150655
0.000316229 8.1881e-05 0.000151274
0.00039811 0.00010308 0.00015194
0.00050119 0.000129765 0.000152664
0.000630955 0.00016338 0.000153459
0.000794335 0.000205665 0.00015434
0.001 0.00025896 0.000155324
0.00125896 0.00032592 0.00015643
0.00158488 0.00041041 0.000157683
0.00199529 0.00051662 0.000159108
0.00251191 0.00065039 0.000160738
0.0031623 0.0008188 0.000162612
0.0039811 0.0010308 0.000164773
0.0050119 0.00129765 0.000167274
0.00630955 0.0016338 0.000170176
0.00794335 0.00205665 0.000173554
0.01 0.0025886 0.000177492
0.0125886 0.0032603 0.000182097
0.0158489 0.004104 0.000187489
0.0199529 0.0051663 0.000193815
0.0251192 0.0065037 0.000201249
0.0316229 0.0081881 0.000209998
0.039811 0.010308 0.000220308
0.050119 0.0129765 0.00023247
0.0630955 0.016337 0.000246829
0.0794325 0.0205675 0.000263785
0.1 0.025886 0.000283788
0.125886 0.032602 0.000307368
0.158488 0.041041 0.000335062
0.199529 0.051662 0.000367421
0.251191 0.065038 0.00040493
0.316229 0.081881 0.0004479
0.39811 0.10308 0.000496286
0.50119 0.129775 0.000549459
0.630965 0.16336 0.000605879
0.794325 0.205675 0.0006628
1 0.25886 0.000715943
1.25886 0.32603 0.000759572
1.58489 0.4104 0.000786817
1.99529 0.51662 0.000790969
2.51191 0.65039 0.000767437
3.1623 0.8188 0.000716212
3.9811 1.0308 0.000643755
5.0119 1.29765 0.000562773
6.30955 1.6338 0.000488678
7.94335 2.05665 0.000433655
10 2.5897 0.000401754
12.5897 3.2592 0.000389324
15.8489 4.1039 0.000390936
19.9528 5.1663 0.000405994
25.1191 6.5038 0.000440735
31.6229 8.1881 0.000504874
39.811 10.308 0.000604989
50.119 12.9765 0.000736998
63.0955 16.338 0.000881394
79.4335 20.5665 0.00100559
100 25.887 0.00107496
125.887 32.601 0.00106699
158.488 41.04 0.00097995
199.528 51.663 0.000830866
251.191 65.038 0.000647242
316.229 81.881 0.000460706
398.11 103.08 0.000300949
501.19 129.775 0.000184985
630.965 163.37 0.000111808
794.335 205.665 6.96001e-05
1000 258.86 4.58352e-05
1258.86 326.03 3.18809e-05
1584.89 410.39 2.30118e-05
1995.28 516.64 1.6928e-05
2511.92 650.38 1.25469e-05
3162.3 818.8 9.31906e-06
3981.1 1030.8 6.92181e-06
5011.9 1297.75 5.13828e-06
6309.65 1633.7 3.81199e-06
7943.35 2056.65 2.82653e-06
10000 2588.7 2.0951e-06
12588.7 3260.1 1.55222e-06
15848.8 4104 1.14977e-06
19952.8 5166.4 8.51541e-07
25119.2 6503.7 6.30593e-07
31622.9 8188.1 4.66936e-07
39811 10308 3.4574e-07
50119 12977.5 2.55997e-07
63096.5 16336 1.89558e-07
79432.5 20567.5 1.40364e-07
100000 25886 1.0395e-07
125886 32602 7.69784e-08
158488 41040 5.70124e-08
199528 51664 4.22303e-08
251192 65038 3.12847e-08
316230 81880 2.31787e-08
398110 103080 1.71754e-08
501190 129775 1.27286e-08
630965 163360 9.43492e-09
794325 205675 6.99448e-09
1e+06 1.15886e+07 5.18652e-09
1.25886e+07 3.2603e+06 3.84609e-09
1.58489e+07 4.104e+06 2.85273e-09
1.99529e+07 5.1662e+06 2.11642e-09
2.51191e+07 6.5039e+06 1.57049e-09
3.1623e+07 8.188e+06 1.16562e-09
3.9811e+07 1.0308e+07 8.65331e-10
5.0119e+07 1.29765e+07 6.42546e-10
