1e-09 2.6e-10 5.27207e-06
1.26e-09 3.2e-10 8.06297e-06
1.58e-09 4.2e-10 1.23387e-05
2e-09 5.1e-10 1.88676e-05
2.51e-09 6.5e-10 2.87903e-05
3.16e-09 8.2e-10 4.37698e-05
3.98e-09 1.03e-09 6.61727e-05
5.01e-09 1.3e-09 9.92651e-05
6.31e-09 1.63e-09 0.000147342
7.94e-09 2.06e-09 0.000215711
1e-08 2.6e-09 0.000310168
1.26e-08 3.2e-09 0.00043595
1.58e-08 4.2e-09 0.000595082
2e-08 5.1e-09 0.000782794
2.51e-08 6.5e-09 0.000982782
3.16e-08 8.2e-09 0.00116359
3.98e-08 1.03e-08 0.00128018
5.01e-08 1.3e-08 0.00128568
6.31e-08 1.63e-08 0.0011547
7.94e-08 2.06e-08 0.00090825
1e-07 2.6e-08 0.000618372
1.26e-07 3.2e-08 0.000374865
1.58e-07 4.2e-08 0.000230646
2e-07 5.1e-08 0.000177084
2.51e-07 6.5e-08 0.000171909
3.16e-07 8.2e-08 0.000181367
3.98e-07 1.03e-07 0.000192233
5.01e-07 1.3e-07 0.000201855
6.31e-07 1.63e-07 0.000210056
7.94e-07 2.06e-07 0.000216963
1e-06 2.6e-07 0.00022274
1.26e-06 3.2e-07 0.000227561
1.58e-06 4.2e-07 0.000231584
2e-06 5.1e-07 0.000234953
2.51e-06 6.5e-07 0.000237792
3.16e-06 8.2e-07 0.000240205
3.98e-06 1.03e-06 0.000242277
5.01e-06 1.3e-06 0.000244078
6.31e-06 1.63e-06 0.000245661
7.94e-06 2.06e-06 0.000247073
1e-05 2.6e-06 0.000248347
1.26e-05 3.2e-06 0.000249513
1.58e-05 4.2e-06 0.000250592
2e-05 5.1e-06 0.000251603
2.51e-05 6.5e-06 0.000252561
3.16e-05 8.2e-06 0.000253478
3.98e-05 1.03e-05 0.000254366
5.01e-05 1.3e-05 0.000255234
6.31e-05 1.63e-05 0.000256091
7.94e-05 2.06e-05 0.000256946
0.0001 2.5897e-05 0.000257807
0.000125897 3.2591e-05 0.000258685
0.000158488 4.1041e-05 0.000259588
0.000199529 5.1662e-05 0.000260527
0.000251191 6.5038e-05 0.000261515
0.000316229 8.1881e-05 0.000262565
0.00039811 0.00010308 0.000263693
0.00050119 0.000129765 0.000264916
0.000630955 0.00016338 0.000266255
0.000794335 0.000205665 0.000267734
0.001 0.00025896 0.000269381
0.00125896 0.00032592 0.000271226
0.00158488 0.00041041 0.000273309
0.00199529 0.00051662 0.000275672
0.00251191 0.00065039 0.000278368
0.0031623 0.0008188 0.000281455
0.0039811 0.0010308 0.000285003
0.0050119 0.00129765 0.000289094
0.00630955 0.0016338 0.000293825
0.00794335 0.00205665 0.000299306
0.01 0.0025886 0.00030567
0.0125886 0.0032603 0.000313073
0.0158489 0.004104 0.000321695
0.0199529 0.0051663 0.000331746
0.0251192 0.0065037 0.000343472
0.0316229 0.0081881 0.000357161
0.039811 0.010308 0.000373142
0.050119 0.0129765 0.00039179
0.0630955 0.016337 0.000413531
0.0794325 0.0205675 0.00043883
0.1 0.025886 0.000468174
0.125886 0.032602 0.000502088
0.158488 0.041041 0.000541014
0.199529 0.051662 0.0005853
0.251191 0.065038 0.000635074
0.316229 0.081881 0.000690086
0.39811 0.10308 0.000749492
0.50119 0.129775 0.000811614
0.630965 0.16336 0.00087364
0.794325 0.205675 0.000931433
1 0.25886 0.000979392
1.25886 0.32603 0.00101079
1.58489 0.4104 0.00101845
1.99529 0.51662 0.000996331
2.51191 0.65039 0.000941661
3.1623 0.8188 0.000857271
3.9811 1.0308 0.000752978
5.0119 1.29765 0.000644517
6.30955 1.6338 0.000549113
7.94335 2.05665 0.000479103
10 2.5897 0.000437289
12.5897 3.2592 0.000418288
15.8489 4.1039 0.000415326
19.9528 5.1663 0.000427184
25.1191 6.5038 0.000459938
31.6229 8.1881 0.000523207
39.811 10.308 0.000623271
50.119 12.9765 0.000755509
63.0955 16.338 0.000899776
79.4335 20.5665 0.00102299
100 25.887 0.00109038
125.887 32.601 0.00107968
158.488 41.04 0.000989598
199.528 51.663 0.000837638
251.191 65.038 0.000651608
316.229 81.881 0.000463278
398.11 103.08 0.000302338
501.19 129.775 0.000185691
630.965 163.37 0.000112161
794.335 205.665 6.97818e-05
1000 258.86 4.59341e-05
1258.86 326.03 3.19377e-05
1584.89 410.39 2.30457e-05
1995.28 516.64 1.69487e-05
2511.92 650.38 1.25595e-05
3162.3 818.8 9.32682e-06
3981.1 1030.8 6.92657e-06
5011.9 1297.75 5.1412e-06
6309.65 1633.7 3.81378e-06
7943.35 2056.65 2.82763e-06
10000 2588.7 2.09577e-06
12588.7 3260.1 1.55263e-06
15848.8 4104 1.15002e-06
19952.8 5166.4 8.51695e-07
25119.2 6503.7 6.30688e-07
31622.9 8188.1 4.66994e-07
39811 10308 3.45776e-07
50119 12977.5 2.56019e-07
63096.5 16336 1.89571e-07
79432.5 20567.5 1.40372e-07
100000 25886 1.03955e-07
125886 32602 7.69814e-08
158488 41040 5.70142e-08
199528 51664 4.22315e-08
251192 65038 3.12854e-08
316230 81880 2.31792e-08
398110 103080 1.71757e-08
501190 129775 1.27288e-08
630965 163360 9.43502e-09
794325 205675 6.99454e-09
1e+06 1.15886e+07 5.18656e-09
1.25886e+07 3.2603e+06 3.84611e-09
1.58489e+07 4.104e+06 2.85275e-09
1.99529e+07 5.1662e+06 2.11643e-09
2.51191e+07 6.5039e+06 1.57049e-09
3.1623e+07 8.188e+06 1.16563e-09
3.9811e+07 1.0308e+07 8.65333e-10
5.0119e+07 1.29765e+07 6.42547e-10
