1e-09 2.6e-10 4.79153e-06
1.26e-09 3.2e-10 7.35678e-06
1.58e-09 4.2e-10 1.12964e-05
2e-09 5.1e-10 1.73244e-05
2.51e-09 6.5e-10 2.65018e-05
3.16e-09 8.2e-10 4.03762e-05
3.98e-09 1.03e-09 6.11515e-05
5.01e-09 1.3e-09 9.18696e-05
6.31e-09 1.63e-09 0.000136532
7.94e-09 2.06e-09 0.000200083
1e-08 2.6e-09 0.00028792
1.26e-08 3.2e-09 0.000404913
1.58e-08 4.2e-09 0.000552926
2e-08 5.1e-09 0.000727465
2.51e-08 6.5e-09 0.000913249
3.16e-08 8.2e-09 0.00108084
3.98e-08 1.03e-08 0.00118809
5.01e-08 1.3e-08 0.00119117
6.31e-08 1.63e-08 0.00106635
7.94e-08 2.06e-08 0.000833345
1e-07 2.6e-08 0.000559566
1.26e-07 3.2e-08 0.000329086
1.58e-07 4.2e-08 0.000191481
2e-07 5.1e-08 0.000138769
2.51e-07 6.5e-08 0.000131495
3.16e-07 8.2e-08 0.000138143
3.98e-07 1.03e-07 0.000146367
5.01e-07 1.3e-07 0.000153691
6.31e-07 1.63e-07 0.000159935
7.94e-07 2.06e-07 0.000165195
1e-06 2.6e-07 0.000169594
1.26e-06 3.2e-07 0.000173265
1.58e-06 4.2e-07 0.000176328
2e-06 5.1e-07 0.000178893
2.51e-06 6.5e-07 0.000181055
3.16e-06 8.2e-07 0.000182892
3.98e-06 1.03e-06 0.00018447
5.01e-06 1.3e-06 0.000185842
6.31e-06 1.63e-06 0.000187048
7.94e-06 2.06e-06 0.000188123
1e-05 2.6e-06 0.000189094
1.26e-05 3.2e-06 0.000189983
1.58e-05 4.2e-06 0.000190805
2e-05 5.1e-06 0.000191577
2.51e-05 6.5e-06 0.000192307
3.16e-05 8.2e-06 0.000193008
3.98e-05 1.03e-05 0.000193686
5.01e-05 1.3e-05 0.000194349
6.31e-05 1.63e-05 0.000195005
7.94e-05 2.06e-05 0.00019566
0.0001 2.5897e-05 0.000196321
0.000125897 3.2591e-05 0.000196995
0.000158488 4.1041e-05 0.00019769
0.000199529 5.1662e-05 0.000198414
0.000251191 6.5038e-05 0.000199177
0.000316229 8.1881e-05 0.000199989
0.00039811 0.00010308 0.000200864
0.00050119 0.000129765 0.000201814
0.000630955 0.00016338 0.000202856
0.000794335 0.000205665 0.00020401
0.001 0.00025896 0.000205298
0.00125896 0.00032592 0.000206744
0.00158488 0.00041041 0.000208381
0.00199529 0.00051662 0.000210242
0.00251191 0.00065039 0.00021237
0.0031623 0.0008188 0.000214812
0.0039811 0.0010308 0.000217627
0.0050119 0.00129765 0.000220882
0.00630955 0.0016338 0.000224656
0.00794335 0.00205665 0.000229042
0.01 0.0025886 0.000234151
0.0125886 0.0032603 0.000240117
0.0158489 0.004104 0.000247091
0.0199529 0.0051663 0.000255258
0.0251192 0.0065037 0.000264833
0.0316229 0.0081881 0.000276073
0.039811 0.010308 0.000289277
0.050119 0.0129765 0.000304793
0.0630955 0.016337 0.000323027
0.0794325 0.0205675 0.00034444
0.1 0.025886 0.00036953
0.125886 0.032602 0.000398865
0.158488 0.041041 0.000432979
0.199529 0.051662 0.000472367
0.251191 0.065038 0.000517378
0.316229 0.081881 0.000568069
0.39811 0.10308 0.000623995
0.50119 0.129775 0.000683958
0.630965 0.16336 0.000745679
0.794325 0.205675 0.000805546
1 0.25886 0.000858388
1.25886 0.32603 0.000897714
1.58489 0.4104 0.000916249
1.99529 0.51662 0.000907457
2.51191 0.65039 0.00086764
3.1623 0.8188 0.000798366
3.9811 1.0308 0.000708088
5.0119 1.29765 0.000611403
6.30955 1.6338 0.000524947
7.94335 2.05665 0.000461138
10 2.5897 0.000423383
12.5897 3.2592 0.000407053
15.8489 4.1039 0.000405936
19.9528 5.1663 0.00041908
25.1191 6.5038 0.000452634
31.6229 8.1881 0.000516267
39.811 10.308 0.000616378
50.119 12.9765 0.000748553
63.0955 16.338 0.000892888
79.4335 20.5665 0.00101649
100 25.887 0.00108462
125.887 32.601 0.00107495
158.488 41.04 0.00098601
199.528 51.663 0.000835123
251.191 65.038 0.000649988
316.229 81.881 0.000462324
398.11 103.08 0.000301823
501.19 129.775 0.000185429
630.965 163.37 0.00011203
794.335 205.665 6.97146e-05
1000 258.86 4.58976e-05
1258.86 326.03 3.19167e-05
1584.89 410.39 2.30332e-05
1995.28 516.64 1.6941e-05
2511.92 650.38 1.25549e-05
3162.3 818.8 9.32396e-06
3981.1 1030.8 6.92481e-06
5011.9 1297.75 5.14012e-06
6309.65 1633.7 3.81312e-06
7943.35 2056.65 2.82722e-06
10000 2588.7 2.09553e-06
12588.7 3260.1 1.55248e-06
15848.8 4104 1.14993e-06
19952.8 5166.4 8.51638e-07
25119.2 6503.7 6.30653e-07
31622.9 8188.1 4.66973e-07
39811 10308 3.45763e-07
50119 12977.5 2.56011e-07
63096.5 16336 1.89566e-07
79432.5 20567.5 1.40369e-07
100000 25886 1.03953e-07
125886 32602 7.69803e-08
158488 41040 5.70135e-08
199528 51664 4.22311e-08
251192 65038 3.12851e-08
316230 81880 2.3179e-08
398110 103080 1.71756e-08
501190 129775 1.27287e-08
630965 163360 9.43498e-09
794325 205675 6.99452e-09
1e+06 1.15886e+07 5.18654e-09
1.25886e+07 3.2603e+06 3.8461e-09
1.58489e+07 4.104e+06 2.85274e-09
1.99529e+07 5.1662e+06 2.11642e-09
2.51191e+07 6.5039e+06 1.57049e-09
3.1623e+07 8.188e+06 1.16563e-09
3.9811e+07 1.0308e+07 8.65332e-10
5.0119e+07 1.29765e+07 6.42547e-10
