1e-09 2.6e-10 3.91751e-06
1.26e-09 3.2e-10 6.0289e-06
1.58e-09 4.2e-10 9.27611e-06
2e-09 5.1e-10 1.42507e-05
2.51e-09 6.5e-10 2.18319e-05
3.16e-09 8.2e-10 3.33029e-05
3.98e-09 1.03e-09 5.04913e-05
5.01e-09 1.3e-09 7.59203e-05
6.31e-09 1.63e-09 0.000112909
7.94e-09 2.06e-09 0.00016556
1e-08 2.6e-09 0.000238349
1.26e-08 3.2e-09 0.00033531
1.58e-08 4.2e-09 0.000457981
2e-08 5.1e-09 0.000602608
2.51e-08 6.5e-09 0.000756474
3.16e-08 8.2e-09 0.000895087
3.98e-08 1.03e-08 0.000983402
5.01e-08 1.3e-08 0.00098499
6.31e-08 1.63e-08 0.000880115
7.94e-08 2.06e-08 0.000685191
1e-07 2.6e-08 0.000456301
1.26e-07 3.2e-08 0.000263376
1.58e-07 4.2e-08 0.000147676
2e-07 5.1e-08 0.000102606
2.51e-07 6.5e-08 9.54014e-05
3.16e-07 8.2e-08 9.98825e-05
3.98e-07 1.03e-07 0.000105799
5.01e-07 1.3e-07 0.000111092
6.31e-07 1.63e-07 0.000115605
7.94e-07 2.06e-07 0.000119407
1e-06 2.6e-07 0.000122586
1.26e-06 3.2e-07 0.00012524
1.58e-06 4.2e-07 0.000127454
2e-06 5.1e-07 0.000129308
2.51e-06 6.5e-07 0.000130871
3.16e-06 8.2e-07 0.000132199
3.98e-06 1.03e-06 0.00013334
5.01e-06 1.3e-06 0.000134331
6.31e-06 1.63e-06 0.000135204
7.94e-06 2.06e-06 0.000135981
1e-05 2.6e-06 0.000136683
1.26e-05 3.2e-06 0.000137326
1.58e-05 4.2e-06 0.000137921
2e-05 5.1e-06 0.000138479
2.51e-05 6.5e-06 0.000139007
3.16e-05 8.2e-06 0.000139514
3.98e-05 1.03e-05 0.000140005
5.01e-05 1.3e-05 0.000140486
6.31e-05 1.63e-05 0.000140961
7.94e-05 2.06e-05 0.000141435
0.0001 2.5897e-05 0.000141915
0.000125897 3.2591e-05 0.000142404
0.000158488 4.1041e-05 0.000142908
0.000199529 5.1662e-05 0.000143434
0.000251191 6.5038e-05 0.000143989
0.000316229 8.1881e-05 0.00014458
0.00039811 0.00010308 0.000145216
0.00050119 0.000129765 0.000145908
0.000630955 0.00016338 0.000146669
0.000794335 0.000205665 0.00014751
0.001 0.00025896 0.000148451
0.00125896 0.00032592 0.000149508
0.00158488 0.00041041 0.000150704
0.00199529 0.00051662 0.000152066
0.00251191 0.00065039 0.000153624
0.0031623 0.0008188 0.000155414
0.0039811 0.0010308 0.000157478
0.0050119 0.00129765 0.000159867
0.00630955 0.0016338 0.00016264
0.00794335 0.00205665 0.000165866
0.01 0.0025886 0.000169627
0.0125886 0.0032603 0.000174026
0.0158489 0.004104 0.000179176
0.0199529 0.0051663 0.000185218
0.0251192 0.0065037 0.000192318
0.0316229 0.0081881 0.000200675
0.039811 0.010308 0.000210524
0.050119 0.0129765 0.000222145
0.0630955 0.016337 0.000235869
0.0794325 0.0205675 0.000252081
0.1 0.025886 0.000271218
0.125886 0.032602 0.000293795
0.158488 0.041041 0.000320338
0.199529 0.051662 0.000351394
0.251191 0.065038 0.000387459
0.316229 0.081881 0.000428867
0.39811 0.10308 0.00047563
0.50119 0.129775 0.000527206
0.630965 0.16336 0.000582187
0.794325 0.205675 0.000637996
1 0.25886 0.000690549
1.25886 0.32603 0.000734304
1.58489 0.4104 0.000762533
1.99529 0.51662 0.000768569
2.51191 0.65039 0.000747714
3.1623 0.8188 0.000699683
3.9811 1.0308 0.000630549
5.0119 1.29765 0.000552607
6.30955 1.6338 0.000480971
7.94335 2.05665 0.00042773
10 2.5897 0.000397031
12.5897 3.2592 0.00038541
15.8489 4.1039 0.000387592
19.9528 5.1663 0.000403054
25.1191 6.5038 0.000438042
31.6229 8.1881 0.000502281
39.811 10.308 0.000602384
50.119 12.9765 0.000734343
63.0955 16.338 0.000878745
79.4335 20.5665 0.00100308
100 25.887 0.00107272
125.887 32.601 0.00106514
158.488 41.04 0.000978541
199.528 51.663 0.000829874
251.191 65.038 0.000646601
316.229 81.881 0.000460329
398.11 103.08 0.000300744
501.19 129.775 0.000184881
630.965 163.37 0.000111756
794.335 205.665 6.95733e-05
1000 258.86 4.58206e-05
1258.86 326.03 3.18724e-05
1584.89 410.39 2.30068e-05
1995.28 516.64 1.6925e-05
2511.92 650.38 1.2545e-05
3162.3 818.8 9.31791e-06
3981.1 1030.8 6.9211e-06
5011.9 1297.75 5.13785e-06
6309.65 1633.7 3.81173e-06
7943.35 2056.65 2.82637e-06
10000 2588.7 2.095e-06
12588.7 3260.1 1.55216e-06
15848.8 4104 1.14973e-06
19952.8 5166.4 8.51518e-07
25119.2 6503.7 6.3058e-07
31622.9 8188.1 4.66928e-07
39811 10308 3.45735e-07
50119 12977.5 2.55994e-07
63096.5 16336 1.89556e-07
79432.5 20567.5 1.40363e-07
100000 25886 1.03949e-07
125886 32602 7.6978e-08
158488 41040 5.70121e-08
199528 51664 4.22302e-08
251192 65038 3.12846e-08
316230 81880 2.31787e-08
398110 103080 1.71754e-08
501190 129775 1.27286e-08
630965 163360 9.43491e-09
794325 205675 6.99448e-09
1e+06 1.15886e+07 5.18652e-09
1.25886e+07 3.2603e+06 3.84608e-09
1.58489e+07 4.104e+06 2.85273e-09
1.99529e+07 5.1662e+06 2.11642e-09
2.51191e+07 6.5039e+06 1.57049e-09
3.1623e+07 8.188e+06 1.16562e-09
3.9811e+07 1.0308e+07 8.65331e-10
5.0119e+07 1.29765e+07 6.42546e-10
