1e-09 2.6e-10 4.97723e-06
1.26e-09 3.2e-10 7.63354e-06
1.58e-09 4.2e-10 1.17103e-05
2e-09 5.1e-10 1.79445e-05
2.51e-09 6.5e-10 2.74313e-05
3.16e-09 8.2e-10 4.17677e-05
3.98e-09 1.03e-09 6.32277e-05
5.01e-09 1.3e-09 9.49497e-05
6.31e-09 1.63e-09 0.000141062
7.94e-09 2.06e-09 0.000206665
1e-08 2.6e-09 0.000297327
1.26e-08 3.2e-09 0.000418076
1.58e-08 4.2e-09 0.000570841
2e-08 5.1e-09 0.000751
2.51e-08 6.5e-09 0.000942814
3.16e-08 8.2e-09 0.00111595
3.98e-08 1.03e-08 0.00122698
5.01e-08 1.3e-08 0.00123075
6.31e-08 1.63e-08 0.00110277
7.94e-08 2.06e-08 0.000863351
1e-07 2.6e-08 0.000581963
1.26e-07 3.2e-08 0.000345216
1.58e-07 4.2e-08 0.000204178
2e-07 5.1e-08 0.000150595
2.51e-07 6.5e-08 0.000143787
3.16e-07 8.2e-08 0.000151259
3.98e-07 1.03e-07 0.000160282
5.01e-07 1.3e-07 0.000168303
6.31e-07 1.63e-07 0.000175141
7.94e-07 2.06e-07 0.0001809
1e-06 2.6e-07 0.000185717
1.26e-06 3.2e-07 0.000189737
1.58e-06 4.2e-07 0.000193091
2e-06 5.1e-07 0.0001959
2.51e-06 6.5e-07 0.000198268
3.16e-06 8.2e-07 0.00020028
3.98e-06 1.03e-06 0.000202008
5.01e-06 1.3e-06 0.000203509
6.31e-06 1.63e-06 0.00020483
7.94e-06 2.06e-06 0.000206007
1e-05 2.6e-06 0.00020707
1.26e-05 3.2e-06 0.000208043
1.58e-05 4.2e-06 0.000208944
2e-05 5.1e-06 0.000209788
2.51e-05 6.5e-06 0.000210588
3.16e-05 8.2e-06 0.000211354
3.98e-05 1.03e-05 0.000212096
5.01e-05 1.3e-05 0.000212822
6.31e-05 1.63e-05 0.000213539
7.94e-05 2.06e-05 0.000214255
0.0001 2.5897e-05 0.000214977
0.000125897 3.2591e-05 0.000215714
0.000158488 4.1041e-05 0.000216472
0.000199529 5.1662e-05 0.000217263
0.000251191 6.5038e-05 0.000218095
0.000316229 8.1881e-05 0.000218981
0.00039811 0.00010308 0.000219933
0.00050119 0.000129765 0.000220968
0.000630955 0.00016338 0.000222103
0.000794335 0.000205665 0.000223358
0.001 0.00025896 0.000224758
0.00125896 0.00032592 0.00022633
0.00158488 0.00041041 0.000228107
0.00199529 0.00051662 0.000230127
0.00251191 0.00065039 0.000232435
0.0031623 0.0008188 0.000235082
0.0039811 0.0010308 0.000238132
0.0050119 0.00129765 0.000241654
0.00630955 0.0016338 0.000245736
0.00794335 0.00205665 0.000250477
0.01 0.0025886 0.000255993
0.0125886 0.0032603 0.000262429
0.0158489 0.004104 0.000269944
0.0199529 0.0051663 0.000278733
0.0251192 0.0065037 0.000289025
0.0316229 0.0081881 0.000301086
0.039811 0.010308 0.00031523
0.050119 0.0129765 0.000331818
0.0630955 0.016337 0.000351266
0.0794325 0.0205675 0.000374041
0.1 0.025886 0.000400646
0.125886 0.032602 0.000431642
0.158488 0.041041 0.00046754
0.199529 0.051662 0.000508793
0.251191 0.065038 0.000555684
0.316229 0.081881 0.000608167
0.39811 0.10308 0.000665661
0.50119 0.129775 0.000726795
0.630965 0.16336 0.000789088
0.794325 0.205675 0.000848721
1 0.25886 0.000900336
1.25886 0.32603 0.000937324
1.58489 0.4104 0.000952404
1.99529 0.51662 0.000939188
2.51191 0.65039 0.000894294
3.1623 0.8188 0.00081974
3.9811 1.0308 0.000724489
5.0119 1.29765 0.000623576
6.30955 1.6338 0.000533878
7.94335 2.05665 0.000467808
10 2.5897 0.000428567
12.5897 3.2592 0.000411256
15.8489 4.1039 0.000409459
19.9528 5.1663 0.000422127
25.1191 6.5038 0.000455387
31.6229 8.1881 0.000518887
39.811 10.308 0.000618984
50.119 12.9765 0.000751186
63.0955 16.338 0.000895499
79.4335 20.5665 0.00101896
100 25.887 0.00108681
125.887 32.601 0.00107675
158.488 41.04 0.000987374
199.528 51.663 0.000836079
251.191 65.038 0.000650604
316.229 81.881 0.000462687
398.11 103.08 0.000302019
501.19 129.775 0.000185529
630.965 163.37 0.00011208
794.335 205.665 6.97402e-05
1000 258.86 4.59115e-05
1258.86 326.03 3.19247e-05
1584.89 410.39 2.3038e-05
1995.28 516.64 1.69439e-05
2511.92 650.38 1.25566e-05
3162.3 818.8 9.32505e-06
3981.1 1030.8 6.92548e-06
5011.9 1297.75 5.14053e-06
6309.65 1633.7 3.81337e-06
7943.35 2056.65 2.82738e-06
10000 2588.7 2.09562e-06
12588.7 3260.1 1.55253e-06
15848.8 4104 1.14997e-06
19952.8 5166.4 8.5166e-07
25119.2 6503.7 6.30666e-07
31622.9 8188.1 4.66981e-07
39811 10308 3.45768e-07
50119 12977.5 2.56014e-07
63096.5 16336 1.89568e-07
79432.5 20567.5 1.4037e-07
100000 25886 1.03954e-07
125886 32602 7.69808e-08
158488 41040 5.70138e-08
199528 51664 4.22312e-08
251192 65038 3.12852e-08
316230 81880 2.31791e-08
398110 103080 1.71756e-08
501190 129775 1.27288e-08
630965 163360 9.435e-09
794325 205675 6.99453e-09
1e+06 1.15886e+07 5.18655e-09
1.25886e+07 3.2603e+06 3.8461e-09
1.58489e+07 4.104e+06 2.85275e-09
1.99529e+07 5.1662e+06 2.11643e-09
2.51191e+07 6.5039e+06 1.57049e-09
3.1623e+07 8.188e+06 1.16563e-09
3.9811e+07 1.0308e+07 8.65333e-10
5.0119e+07 1.29765e+07 6.42547e-10
