1e-09 2.6e-10 5.09449e-06
1.26e-09 3.2e-10 7.80632e-06
1.58e-09 4.2e-10 1.19659e-05
2e-09 5.1e-10 1.83238e-05
2.51e-09 6.5e-10 2.7995e-05
3.16e-09 8.2e-10 4.26052e-05
3.98e-09 1.03e-09 6.44689e-05
5.01e-09 1.3e-09 9.67803e-05
6.31e-09 1.63e-09 0.000143741
7.94e-09 2.06e-09 0.000210542
1e-08 2.6e-09 0.000302851
1.26e-08 3.2e-09 0.000425787
1.58e-08 4.2e-09 0.000581318
2e-08 5.1e-09 0.000764753
2.51e-08 6.5e-09 0.000960097
3.16e-08 8.2e-09 0.00113651
3.98e-08 1.03e-08 0.00124984
5.01e-08 1.3e-08 0.00125416
6.31e-08 1.63e-08 0.00112459
7.94e-08 2.06e-08 0.000881753
1e-07 2.6e-08 0.000596274
1.26e-07 3.2e-08 0.000356204
1.58e-07 4.2e-08 0.00021345
2e-07 5.1e-08 0.000159596
2.51e-07 6.5e-08 0.00015326
3.16e-07 8.2e-08 0.000161387
3.98e-07 1.03e-07 0.000171028
5.01e-07 1.3e-07 0.000179588
6.31e-07 1.63e-07 0.000186884
7.94e-07 2.06e-07 0.00019303
1e-06 2.6e-07 0.00019817
1.26e-06 3.2e-07 0.000202459
1.58e-06 4.2e-07 0.000206039
2e-06 5.1e-07 0.000209036
2.51e-06 6.5e-07 0.000211562
3.16e-06 8.2e-07 0.000213709
3.98e-06 1.03e-06 0.000215553
5.01e-06 1.3e-06 0.000217154
6.31e-06 1.63e-06 0.000218564
7.94e-06 2.06e-06 0.00021982
1e-05 2.6e-06 0.000220954
1.26e-05 3.2e-06 0.000221992
1.58e-05 4.2e-06 0.000222953
2e-05 5.1e-06 0.000223853
2.51e-05 6.5e-06 0.000224706
3.16e-05 8.2e-06 0.000225523
3.98e-05 1.03e-05 0.000226314
5.01e-05 1.3e-05 0.000227088
6.31e-05 1.63e-05 0.000227852
7.94e-05 2.06e-05 0.000228615
0.0001 2.5897e-05 0.000229385
0.000125897 3.2591e-05 0.000230169
0.000158488 4.1041e-05 0.000230976
0.000199529 5.1662e-05 0.000231817
0.000251191 6.5038e-05 0.000232702
0.000316229 8.1881e-05 0.000233644
0.00039811 0.00010308 0.000234656
0.00050119 0.000129765 0.000235755
0.000630955 0.00016338 0.00023696
0.000794335 0.000205665 0.000238292
0.001 0.00025896 0.000239777
0.00125896 0.00032592 0.000241443
0.00158488 0.00041041 0.000243325
0.00199529 0.00051662 0.000245464
0.00251191 0.00065039 0.000247906
0.0031623 0.0008188 0.000250706
0.0039811 0.0010308 0.000253928
0.0050119 0.00129765 0.000257649
0.00630955 0.0016338 0.000261958
0.00794335 0.00205665 0.000266959
0.01 0.0025886 0.000272773
0.0125886 0.0032603 0.000279551
0.0158489 0.004104 0.000287458
0.0199529 0.0051663 0.000296697
0.0251192 0.0065037 0.000307502
0.0316229 0.0081881 0.000320149
0.039811 0.010308 0.000334958
0.050119 0.0129765 0.000352296
0.0630955 0.016337 0.000372587
0.0794325 0.0205675 0.000396298
0.1 0.025886 0.000423931
0.125886 0.032602 0.000456034
0.158488 0.041041 0.0004931
0.199529 0.051662 0.000535547
0.251191 0.065038 0.000583604
0.316229 0.081881 0.000637152
0.39811 0.10308 0.000695514
0.50119 0.129775 0.000757201
0.630965 0.16336 0.000819605
0.794325 0.205675 0.000878777
1 0.25886 0.000929256
1.25886 0.32603 0.000964373
1.58489 0.4104 0.00097687
1.99529 0.51662 0.000960476
2.51191 0.65039 0.000912032
3.1623 0.8188 0.000833861
3.9811 1.0308 0.000735254
5.0119 1.29765 0.000631518
6.30955 1.6338 0.000539675
7.94335 2.05665 0.000472118
10 2.5897 0.000431903
12.5897 3.2592 0.000413952
15.8489 4.1039 0.000411712
19.9528 5.1663 0.000424072
25.1191 6.5038 0.00045714
31.6229 8.1881 0.000520553
39.811 10.308 0.000620638
50.119 12.9765 0.000752855
63.0955 16.338 0.000897152
79.4335 20.5665 0.00102052
100 25.887 0.00108819
125.887 32.601 0.00107788
158.488 41.04 0.000988235
199.528 51.663 0.000836683
251.191 65.038 0.000650993
316.229 81.881 0.000462916
398.11 103.08 0.000302143
501.19 129.775 0.000185592
630.965 163.37 0.000112111
794.335 205.665 6.97563e-05
1000 258.86 4.59203e-05
1258.86 326.03 3.19298e-05
1584.89 410.39 2.3041e-05
1995.28 516.64 1.69458e-05
2511.92 650.38 1.25578e-05
3162.3 818.8 9.32573e-06
3981.1 1030.8 6.92591e-06
5011.9 1297.75 5.14079e-06
6309.65 1633.7 3.81353e-06
7943.35 2056.65 2.82748e-06
10000 2588.7 2.09568e-06
12588.7 3260.1 1.55257e-06
15848.8 4104 1.14999e-06
19952.8 5166.4 8.51673e-07
25119.2 6503.7 6.30675e-07
31622.9 8188.1 4.66986e-07
39811 10308 3.45771e-07
50119 12977.5 2.56016e-07
63096.5 16336 1.89569e-07
79432.5 20567.5 1.40371e-07
100000 25886 1.03954e-07
125886 32602 7.6981e-08
158488 41040 5.7014e-08
199528 51664 4.22313e-08
251192 65038 3.12853e-08
316230 81880 2.31791e-08
398110 103080 1.71756e-08
501190 129775 1.27288e-08
630965 163360 9.43501e-09
794325 205675 6.99454e-09
1e+06 1.15886e+07 5.18655e-09
1.25886e+07 3.2603e+06 3.84611e-09
1.58489e+07 4.104e+06 2.85275e-09
1.99529e+07 5.1662e+06 2.11643e-09
2.51191e+07 6.5039e+06 1.57049e-09
3.1623e+07 8.188e+06 1.16563e-09
3.9811e+07 1.0308e+07 8.65333e-10
5.0119e+07 1.29765e+07 6.42547e-10
