1e-09 2.6e-10 3.95667e-06
1.26e-09 3.2e-10 6.08893e-06
1.58e-09 4.2e-10 9.36816e-06
2e-09 5.1e-10 1.43916e-05
2.51e-09 6.5e-10 2.20473e-05
3.16e-09 8.2e-10 3.36309e-05
3.98e-09 1.03e-09 5.09877e-05
5.01e-09 1.3e-09 7.66656e-05
6.31e-09 1.63e-09 0.000114016
7.94e-09 2.06e-09 0.000167182
1e-08 2.6e-09 0.000240681
1.26e-08 3.2e-09 0.00033859
1.58e-08 4.2e-09 0.000462459
2e-08 5.1e-09 0.0006085
2.51e-08 6.5e-09 0.00076387
3.16e-08 8.2e-09 0.000903842
3.98e-08 1.03e-08 0.00099303
5.01e-08 1.3e-08 0.000994649
6.31e-08 1.63e-08 0.000888773
7.94e-08 2.06e-08 0.000691976
1e-07 2.6e-08 0.000460883
1.26e-07 3.2e-08 0.000266104
1.58e-07 4.2e-08 0.000149301
2e-07 5.1e-08 0.000103815
2.51e-07 6.5e-08 9.65591e-05
3.16e-07 8.2e-08 0.000101101
3.98e-07 1.03e-07 0.00010709
5.01e-07 1.3e-07 0.000112448
6.31e-07 1.63e-07 0.000117016
7.94e-07 2.06e-07 0.000120864
1e-06 2.6e-07 0.000124083
1.26e-06 3.2e-07 0.000126769
1.58e-06 4.2e-07 0.00012901
2e-06 5.1e-07 0.000130887
2.51e-06 6.5e-07 0.000132469
3.16e-06 8.2e-07 0.000133813
3.98e-06 1.03e-06 0.000134968
5.01e-06 1.3e-06 0.000135971
6.31e-06 1.63e-06 0.000136854
7.94e-06 2.06e-06 0.000137641
1e-05 2.6e-06 0.000138351
1.26e-05 3.2e-06 0.000139002
1.58e-05 4.2e-06 0.000139604
2e-05 5.1e-06 0.000140169
2.51e-05 6.5e-06 0.000140704
3.16e-05 8.2e-06 0.000141217
3.98e-05 1.03e-05 0.000141714
5.01e-05 1.3e-05 0.0001422
6.31e-05 1.63e-05 0.000142681
7.94e-05 2.06e-05 0.000143162
0.0001 2.5897e-05 0.000143647
0.000125897 3.2591e-05 0.000144142
0.000158488 4.1041e-05 0.000144653
0.000199529 5.1662e-05 0.000145185
0.000251191 6.5038e-05 0.000145746
0.000316229 8.1881e-05 0.000146345
0.00039811 0.00010308 0.000146989
0.00050119 0.000129765 0.00014769
0.000630955 0.00016338 0.000148459
0.000794335 0.000205665 0.000149311
0.001 0.00025896 0.000150263
0.00125896 0.00032592 0.000151333
0.00158488 0.00041041 0.000152544
0.00199529 0.00051662 0.000153923
0.00251191 0.00065039 0.0001555
0.0031623 0.0008188 0.000157312
0.0039811 0.0010308 0.000159402
0.0050119 0.00129765 0.000161821
0.00630955 0.0016338 0.000164628
0.00794335 0.00205665 0.000167894
0.01 0.0025886 0.000171703
0.0125886 0.0032603 0.000176156
0.0158489 0.004104 0.000181371
0.0199529 0.0051663 0.000187489
0.0251192 0.0065037 0.000194678
0.0316229 0.0081881 0.000203139
0.039811 0.010308 0.000213111
0.050119 0.0129765 0.000224877
0.0630955 0.016337 0.000238771
0.0794325 0.0205675 0.000255183
0.1 0.025886 0.000274553
0.125886 0.032602 0.0002974
0.158488 0.041041 0.000324254
0.199529 0.051662 0.000355663
0.251191 0.065038 0.000392121
0.316229 0.081881 0.000433956
0.39811 0.10308 0.000481165
0.50119 0.129775 0.000533184
0.630965 0.16336 0.000588569
0.794325 0.205675 0.000644695
1 0.25886 0.000697427
1.25886 0.32603 0.000741169
1.58489 0.4104 0.000769151
1.99529 0.51662 0.000774691
2.51191 0.65039 0.00075312
3.1623 0.8188 0.000704226
3.9811 1.0308 0.000634188
5.0119 1.29765 0.000555414
6.30955 1.6338 0.000483104
7.94335 2.05665 0.000429373
10 2.5897 0.000398342
12.5897 3.2592 0.000386499
15.8489 4.1039 0.000388523
19.9528 5.1663 0.000403873
25.1191 6.5038 0.000438793
31.6229 8.1881 0.000503005
39.811 10.308 0.000603112
50.119 12.9765 0.000735085
63.0955 16.338 0.000879486
79.4335 20.5665 0.00100378
100 25.887 0.00107334
125.887 32.601 0.00106566
158.488 41.04 0.000978935
199.528 51.663 0.000830152
251.191 65.038 0.000646781
316.229 81.881 0.000460434
398.11 103.08 0.000300801
501.19 129.775 0.00018491
630.965 163.37 0.00011177
794.335 205.665 6.95808e-05
1000 258.86 4.58247e-05
1258.86 326.03 3.18748e-05
1584.89 410.39 2.30082e-05
1995.28 516.64 1.69258e-05
2511.92 650.38 1.25456e-05
3162.3 818.8 9.31824e-06
3981.1 1030.8 6.9213e-06
5011.9 1297.75 5.13797e-06
6309.65 1633.7 3.8118e-06
7943.35 2056.65 2.82642e-06
10000 2588.7 2.09503e-06
12588.7 3260.1 1.55217e-06
15848.8 4104 1.14974e-06
19952.8 5166.4 8.51524e-07
25119.2 6503.7 6.30583e-07
31622.9 8188.1 4.6693e-07
39811 10308 3.45737e-07
50119 12977.5 2.55995e-07
63096.5 16336 1.89556e-07
79432.5 20567.5 1.40363e-07
100000 25886 1.0395e-07
125886 32602 7.69781e-08
158488 41040 5.70122e-08
199528 51664 4.22302e-08
251192 65038 3.12846e-08
316230 81880 2.31787e-08
398110 103080 1.71754e-08
501190 129775 1.27286e-08
630965 163360 9.43491e-09
794325 205675 6.99448e-09
1e+06 1.15886e+07 5.18652e-09
1.25886e+07 3.2603e+06 3.84608e-09
1.58489e+07 4.104e+06 2.85273e-09
1.99529e+07 5.1662e+06 2.11642e-09
2.51191e+07 6.5039e+06 1.57049e-09
3.1623e+07 8.188e+06 1.16562e-09
3.9811e+07 1.0308e+07 8.65331e-10
5.0119e+07 1.29765e+07 6.42546e-10
