1e-09 2.6e-10 5.3839e-06
1.26e-09 3.2e-10 8.21873e-06
1.58e-09 4.2e-10 1.25567e-05
2e-09 5.1e-10 1.9174e-05
2.51e-09 6.5e-10 2.92226e-05
3.16e-09 8.2e-10 4.43815e-05
3.98e-09 1.03e-09 6.70395e-05
5.01e-09 1.3e-09 0.000100493
6.31e-09 1.63e-09 0.000149075
7.94e-09 2.06e-09 0.000218143
1e-08 2.6e-09 0.000313546
1.26e-08 3.2e-09 0.000440574
1.58e-08 4.2e-09 0.000601282
2e-08 5.1e-09 0.000790885
2.51e-08 6.5e-09 0.000992976
3.16e-08 8.2e-09 0.00117589
3.98e-08 1.03e-08 0.00129426
5.01e-08 1.3e-08 0.00130091
6.31e-08 1.63e-08 0.0011702
7.94e-08 2.06e-08 0.000923328
1e-07 2.6e-08 0.000632786
1.26e-07 3.2e-08 0.000388986
1.58e-07 4.2e-08 0.000245179
2e-07 5.1e-08 0.000192623
2.51e-07 6.5e-08 0.000188705
3.16e-07 8.2e-08 0.000199399
3.98e-07 1.03e-07 0.000211372
5.01e-07 1.3e-07 0.000221954
6.31e-07 1.63e-07 0.000230971
7.94e-07 2.06e-07 0.000238566
1e-06 2.6e-07 0.000244918
1.26e-06 3.2e-07 0.00025022
1.58e-06 4.2e-07 0.000254643
2e-06 5.1e-07 0.000258347
2.51e-06 6.5e-07 0.000261469
3.16e-06 8.2e-07 0.000264122
3.98e-06 1.03e-06 0.0002664
5.01e-06 1.3e-06 0.000268379
6.31e-06 1.63e-06 0.00027012
7.94e-06 2.06e-06 0.000271672
1e-05 2.6e-06 0.000273073
1.26e-05 3.2e-06 0.000274354
1.58e-05 4.2e-06 0.00027554
2e-05 5.1e-06 0.000276651
2.51e-05 6.5e-06 0.000277703
3.16e-05 8.2e-06 0.00027871
3.98e-05 1.03e-05 0.000279685
5.01e-05 1.3e-05 0.000280637
6.31e-05 1.63e-05 0.000281577
7.94e-05 2.06e-05 0.000282515
0.0001 2.5897e-05 0.000283459
0.000125897 3.2591e-05 0.000284419
0.000158488 4.1041e-05 0.000285408
0.000199529 5.1662e-05 0.000286435
0.000251191 6.5038e-05 0.000287514
0.000316229 8.1881e-05 0.00028866
0.00039811 0.00010308 0.000289889
0.00050119 0.000129765 0.000291221
0.000630955 0.00016338 0.000292678
0.000794335 0.000205665 0.000294285
0.001 0.00025896 0.000296072
0.00125896 0.00032592 0.000298073
0.00158488 0.00041041 0.000300329
0.00199529 0.00051662 0.000302885
0.00251191 0.00065039 0.000305797
0.0031623 0.0008188 0.000309128
0.0039811 0.0010308 0.000312952
0.0050119 0.00129765 0.000317355
0.00630955 0.0016338 0.00032244
0.00794335 0.00205665 0.000328322
0.01 0.0025886 0.00033514
0.0125886 0.0032603 0.000343059
0.0158489 0.004104 0.000352262
0.0199529 0.0051663 0.000362969
0.0251192 0.0065037 0.000375433
0.0316229 0.0081881 0.000389947
0.039811 0.010308 0.000406843
0.050119 0.0129765 0.000426499
0.0630955 0.016337 0.000449338
0.0794325 0.0205675 0.000475815
0.1 0.025886 0.000506399
0.125886 0.032602 0.000541585
0.158488 0.041041 0.00058177
0.199529 0.051662 0.000627238
0.251191 0.065038 0.000678035
0.316229 0.081881 0.000733805
0.39811 0.10308 0.000793581
0.50119 0.129775 0.000855549
0.630965 0.16336 0.000916763
0.794325 0.205675 0.000972969
1 0.25886 0.00101849
1.25886 0.32603 0.0010466
1.58489 0.4104 0.00105019
1.99529 0.51662 0.00102344
2.51191 0.65039 0.000963864
3.1623 0.8188 0.000874672
3.9811 1.0308 0.00076606
5.0119 1.29765 0.00065405
6.30955 1.6338 0.000555997
7.94335 2.05665 0.000484173
10 2.5897 0.000441182
12.5897 3.2592 0.000421412
15.8489 4.1039 0.000417921
19.9528 5.1663 0.000429413
25.1191 6.5038 0.000461939
31.6229 8.1881 0.000525101
39.811 10.308 0.000625146
50.119 12.9765 0.000757396
63.0955 16.338 0.000901641
79.4335 20.5665 0.00102475
100 25.887 0.00109193
125.887 32.601 0.00108095
158.488 41.04 0.000990564
199.528 51.663 0.000838315
251.191 65.038 0.000652043
316.229 81.881 0.000463534
398.11 103.08 0.000302476
501.19 129.775 0.000185761
630.965 163.37 0.000112196
794.335 205.665 6.97998e-05
1000 258.86 4.59439e-05
1258.86 326.03 3.19434e-05
1584.89 410.39 2.30491e-05
1995.28 516.64 1.69507e-05
2511.92 650.38 1.25608e-05
3162.3 818.8 9.32759e-06
3981.1 1030.8 6.92704e-06
5011.9 1297.75 5.14149e-06
6309.65 1633.7 3.81396e-06
7943.35 2056.65 2.82774e-06
10000 2588.7 2.09584e-06
12588.7 3260.1 1.55267e-06
15848.8 4104 1.15005e-06
19952.8 5166.4 8.5171e-07
25119.2 6503.7 6.30697e-07
31622.9 8188.1 4.67e-07
39811 10308 3.45779e-07
50119 12977.5 2.56021e-07
63096.5 16336 1.89572e-07
79432.5 20567.5 1.40373e-07
100000 25886 1.03955e-07
125886 32602 7.69817e-08
158488 41040 5.70144e-08
199528 51664 4.22316e-08
251192 65038 3.12854e-08
316230 81880 2.31792e-08
398110 103080 1.71757e-08
501190 129775 1.27288e-08
630965 163360 9.43503e-09
794325 205675 6.99455e-09
1e+06 1.15886e+07 5.18656e-09
1.25886e+07 3.2603e+06 3.84611e-09
1.58489e+07 4.104e+06 2.85275e-09
1.99529e+07 5.1662e+06 2.11643e-09
2.51191e+07 6.5039e+06 1.57049e-09
3.1623e+07 8.188e+06 1.16563e-09
3.9811e+07 1.0308e+07 8.65333e-10
5.0119e+07 1.29765e+07 6.42547e-10
