1e-09 2.6e-10 6.4042e-06
1.26e-09 3.2e-10 9.85525e-06
1.58e-09 4.2e-10 1.51625e-05
2e-09 5.1e-10 2.32926e-05
2.51e-09 6.5e-10 3.56824e-05
3.16e-09 8.2e-10 5.44285e-05
3.98e-09 1.03e-09 8.25173e-05
5.01e-09 1.3e-09 0.000124072
6.31e-09 1.63e-09 0.000184515
7.94e-09 2.06e-09 0.000270551
1e-08 2.6e-09 0.000389492
1.26e-08 3.2e-09 0.000547933
1.58e-08 4.2e-09 0.000748386
2e-08 5.1e-09 0.000984723
2.51e-08 6.5e-09 0.00123617
3.16e-08 8.2e-09 0.00146272
3.98e-08 1.03e-08 0.00160711
5.01e-08 1.3e-08 0.00160985
6.31e-08 1.63e-08 0.00143868
7.94e-08 2.06e-08 0.00112042
1e-07 2.6e-08 0.000746682
1.26e-07 3.2e-08 0.000431719
1.58e-07 4.2e-08 0.000242926
2e-07 5.1e-08 0.000169525
2.51e-07 6.5e-08 0.000157979
3.16e-07 8.2e-08 0.000165514
3.98e-07 1.03e-07 0.000175383
5.01e-07 1.3e-07 0.00018422
6.31e-07 1.63e-07 0.000191769
7.94e-07 2.06e-07 0.000198142
1e-06 2.6e-07 0.000203487
1.26e-06 3.2e-07 0.000207962
1.58e-06 4.2e-07 0.00021171
2e-06 5.1e-07 0.000214863
2.51e-06 6.5e-07 0.000217533
3.16e-06 8.2e-07 0.000219815
3.98e-06 1.03e-06 0.000221787
5.01e-06 1.3e-06 0.000223511
6.31e-06 1.63e-06 0.000225038
7.94e-06 2.06e-06 0.000226408
1e-05 2.6e-06 0.000227653
1.26e-05 3.2e-06 0.000228801
1.58e-05 4.2e-06 0.000229869
2e-05 5.1e-06 0.000230876
2.51e-05 6.5e-06 0.000231836
3.16e-05 8.2e-06 0.000232759
3.98e-05 1.03e-05 0.000233656
5.01e-05 1.3e-05 0.000234536
6.31e-05 1.63e-05 0.000235407
7.94e-05 2.06e-05 0.000236278
0.0001 2.5897e-05 0.000237156
0.000125897 3.2591e-05 0.000238051
0.000158488 4.1041e-05 0.000238972
0.000199529 5.1662e-05 0.000239929
0.000251191 6.5038e-05 0.000240934
0.000316229 8.1881e-05 0.000242
0.00039811 0.00010308 0.000243141
0.00050119 0.000129765 0.000244375
0.000630955 0.00016338 0.000245723
0.000794335 0.000205665 0.000247206
0.001 0.00025896 0.000248854
0.00125896 0.00032592 0.000250696
0.00158488 0.00041041 0.00025277
0.00199529 0.00051662 0.00025512
0.00251191 0.00065039 0.000257796
0.0031623 0.0008188 0.000260859
0.0039811 0.0010308 0.000264378
0.0050119 0.00129765 0.000268437
0.00630955 0.0016338 0.000273134
0.00794335 0.00205665 0.000278586
0.01 0.0025886 0.000284928
0.0125886 0.0032603 0.000292328
0.0158489 0.004104 0.000300978
0.0199529 0.0051663 0.000311107
0.0251192 0.0065037 0.000322991
0.0316229 0.0081881 0.000336959
0.039811 0.010308 0.000353397
0.050119 0.0129765 0.000372766
0.0630955 0.016337 0.000395607
0.0794325 0.0205675 0.000422552
0.1 0.025886 0.000454311
0.125886 0.032602 0.00049172
0.158488 0.041041 0.000535626
0.199529 0.051662 0.000586901
0.251191 0.065038 0.000646322
0.316229 0.081881 0.000714389
0.39811 0.10308 0.000791053
0.50119 0.129775 0.00087535
0.630965 0.16336 0.000964886
0.794325 0.205675 0.00105536
1 0.25886 0.00114004
1.25886 0.32603 0.00120986
1.58489 0.4104 0.00125393
1.99529 0.51662 0.00126157
2.51191 0.65039 0.00122541
3.1623 0.8188 0.00114535
3.9811 1.0308 0.00103162
5.0119 1.29765 0.000904429
6.30955 1.6338 0.000788403
7.94335 2.05665 0.000703069
10 2.5897 0.000654976
12.5897 3.2592 0.000638302
15.8489 4.1039 0.000644238
19.9528 5.1663 0.000671529
25.1191 6.5038 0.000729692
31.6229 8.1881 0.000833818
39.811 10.308 0.000994285
50.119 12.9765 0.00120508
63.0955 16.338 0.00143623
79.4335 20.5665 0.00163701
100 25.887 0.00175251
125.887 32.601 0.00174548
158.488 41.04 0.00161085
199.528 51.663 0.00137481
251.191 65.038 0.00108254
316.229 81.881 0.000785142
398.11 103.08 0.000527808
501.19 129.775 0.00033641
630.965 163.37 0.000211275
794.335 205.665 0.000135963
1000 258.86 9.15231e-05
1258.86 326.03 6.42363e-05
1584.89 410.39 4.63229e-05
1995.28 516.64 3.38447e-05
2511.92 650.38 2.48416e-05
3162.3 818.8 1.82464e-05
3981.1 1030.8 1.33936e-05
5011.9 1297.75 9.82211e-06
6309.65 1633.7 7.19681e-06
7943.35 2056.65 5.26933e-06
10000 2588.7 3.85608e-06
12588.7 3260.1 2.82006e-06
15848.8 4104 2.06167e-06
19952.8 5166.4 1.50678e-06
25119.2 6503.7 1.10096e-06
31622.9 8188.1 8.04255e-07
39811 10308 5.87409e-07
50119 12977.5 4.28962e-07
63096.5 16336 3.13226e-07
79432.5 20567.5 2.28688e-07
100000 25886 1.66962e-07
125886 32602 1.21872e-07
158488 41040 8.8956e-08
199528 51664 6.49285e-08
251192 65038 4.73888e-08
316230 81880 3.45853e-08
398110 103080 2.52401e-08
501190 129775 1.84191e-08
630965 163360 1.34414e-08
794325 205675 9.80838e-09
1e+06 1.15886e+07 7.15756e-09
1.25886e+07 3.2603e+06 5.22228e-09
1.58489e+07 4.104e+06 3.81032e-09
1.99529e+07 5.1662e+06 2.7801e-09
2.51191e+07 6.5039e+06 2.02839e-09
3.1623e+07 8.188e+06 1.47988e-09
3.9811e+07 1.0308e+07 1.07967e-09
5.0119e+07 1.29765e+07 7.87664e-10
