1e-09 2.6e-10 7.85239e-06
1.26e-09 3.2e-10 1.16284e-05
1.58e-09 4.2e-10 1.72866e-05
2e-09 5.1e-10 2.57617e-05
2.51e-09 6.5e-10 3.84306e-05
3.16e-09 8.2e-10 5.72882e-05
3.98e-09 1.03e-09 8.51597e-05
5.01e-09 1.3e-09 0.00012593
6.31e-09 1.63e-09 0.000184699
7.94e-09 2.06e-09 0.000267771
1e-08 2.6e-09 0.000382055
1.26e-08 3.2e-09 0.00053389
1.58e-08 4.2e-09 0.000725993
2e-08 5.1e-09 0.000953369
2.51e-08 6.5e-09 0.00119787
3.16e-08 8.2e-09 0.00142403
3.98e-08 1.03e-08 0.00158075
5.01e-08 1.3e-08 0.00161465
6.31e-08 1.63e-08 0.00149651
7.94e-08 2.06e-08 0.00124973
1e-07 2.6e-08 0.000955509
1.26e-07 3.2e-08 0.000715067
1.58e-07 4.2e-08 0.000587494
2e-07 5.1e-08 0.000561744
2.51e-07 6.5e-08 0.000588657
3.16e-07 8.2e-08 0.000629098
3.98e-07 1.03e-07 0.000667664
5.01e-07 1.3e-07 0.000701303
6.31e-07 1.63e-07 0.000729992
7.94e-07 2.06e-07 0.000754202
1e-06 2.6e-07 0.000774494
1.26e-06 3.2e-07 0.000791471
1.58e-06 4.2e-07 0.000805679
2e-06 5.1e-07 0.000817618
2.51e-06 6.5e-07 0.000827718
3.16e-06 8.2e-07 0.000836338
3.98e-06 1.03e-06 0.000843774
5.01e-06 1.3e-06 0.000850265
6.31e-06 1.63e-06 0.000856001
7.94e-06 2.06e-06 0.000861137
1e-05 2.6e-06 0.000865794
1.26e-05 3.2e-06 0.00087007
1.58e-05 4.2e-06 0.000874041
2e-05 5.1e-06 0.000877769
2.51e-05 6.5e-06 0.000881304
3.16e-05 8.2e-06 0.00088469
3.98e-05 1.03e-05 0.000887962
5.01e-05 1.3e-05 0.000891151
6.31e-05 1.63e-05 0.000894285
7.94e-05 2.06e-05 0.000897391
0.0001 2.5897e-05 0.000900496
0.000125897 3.2591e-05 0.000903624
0.000158488 4.1041e-05 0.000906804
0.000199529 5.1662e-05 0.000910065
0.000251191 6.5038e-05 0.000913439
0.000316229 8.1881e-05 0.00091696
0.00039811 0.00010308 0.000920668
0.00050119 0.000129765 0.000924605
0.000630955 0.00016338 0.000928823
0.000794335 0.000205665 0.000933374
0.001 0.00025896 0.000938324
0.00125896 0.00032592 0.000943741
0.00158488 0.00041041 0.000949707
0.00199529 0.00051662 0.00095631
0.00251191 0.00065039 0.000963653
0.0031623 0.0008188 0.000971849
0.0039811 0.0010308 0.000981025
0.0050119 0.00129765 0.000991323
0.00630955 0.0016338 0.0010029
0.00794335 0.00205665 0.00101593
0.01 0.0025886 0.00103061
0.0125886 0.0032603 0.00104714
0.0158489 0.004104 0.00106574
0.0199529 0.0051663 0.00108666
0.0251192 0.0065037 0.00111016
0.0316229 0.0081881 0.0011365
0.039811 0.010308 0.00116596
0.050119 0.0129765 0.00119882
0.0630955 0.016337 0.00123537
0.0794325 0.0205675 0.00127585
0.1 0.025886 0.00132049
0.125886 0.032602 0.00136944
0.158488 0.041041 0.00142267
0.199529 0.051662 0.00147995
0.251191 0.065038 0.00154066
0.316229 0.081881 0.00160361
0.39811 0.10308 0.00166681
0.50119 0.129775 0.00172714
0.630965 0.16336 0.00178011
0.794325 0.205675 0.00181967
1 0.25886 0.00183825
1.25886 0.32603 0.0018273
1.58489 0.4104 0.00177854
1.99529 0.51662 0.00168612
2.51191 0.65039 0.0015495
3.1623 0.8188 0.00137627
3.9811 1.0308 0.00118345
5.0119 1.29765 0.00099512
6.30955 1.6338 0.000835714
7.94335 2.05665 0.000721037
10 2.5897 0.000652494
12.5897 3.2592 0.000620032
15.8489 4.1039 0.000612349
19.9528 5.1663 0.000626664
25.1191 6.5038 0.000670727
31.6229 8.1881 0.000757292
39.811 10.308 0.00089458
50.119 12.9765 0.00107607
63.0955 16.338 0.00127431
79.4335 20.5665 0.00144429
100 25.887 0.00153834
125.887 32.601 0.00152508
158.488 41.04 0.00140148
199.528 51.663 0.0011913
251.191 65.038 0.000934057
316.229 81.881 0.000673948
398.11 103.08 0.000450009
501.19 129.775 0.00028443
630.965 163.37 0.000176996
794.335 205.665 0.000112951
1000 258.86 7.55765e-05
1258.86 326.03 5.28758e-05
1584.89 410.39 3.80944e-05
1995.28 516.64 2.78439e-05
2511.92 650.38 2.04597e-05
3162.3 818.8 1.50498e-05
3981.1 1030.8 1.10655e-05
5011.9 1297.75 8.12923e-06
6309.65 1633.7 5.96749e-06
7943.35 2056.65 4.37768e-06
10000 2588.7 3.20991e-06
12588.7 3260.1 2.35226e-06
15848.8 4104 1.72321e-06
19952.8 5166.4 1.26205e-06
25119.2 6503.7 9.24086e-07
31622.9 8188.1 6.76489e-07
39811 10308 4.95155e-07
50119 12977.5 3.62375e-07
63096.5 16336 2.6518e-07
79432.5 20567.5 1.94033e-07
100000 25886 1.41972e-07
125886 32602 1.03859e-07
158488 41040 7.59757e-08
199528 51664 5.55771e-08
251192 65038 4.06536e-08
316230 81880 2.97359e-08
398110 103080 2.17494e-08
501190 129775 1.59072e-08
630965 163360 1.16343e-08
794325 205675 8.50868e-09
1e+06 1.15886e+07 6.22304e-09
1.25886e+07 3.2603e+06 4.55063e-09
1.58489e+07 4.104e+06 3.32772e-09
1.99529e+07 5.1662e+06 2.43345e-09
2.51191e+07 6.5039e+06 1.77947e-09
3.1623e+07 8.188e+06 1.3012e-09
3.9811e+07 1.0308e+07 9.51451e-10
5.0119e+07 1.29765e+07 6.95689e-10
