1e-09 2.6e-10 7.97466e-06
1.26e-09 3.2e-10 1.17047e-05
1.58e-09 4.2e-10 1.72555e-05
2e-09 5.1e-10 2.55188e-05
2.51e-09 6.5e-10 3.78043e-05
3.16e-09 8.2e-10 5.60054e-05
3.98e-09 1.03e-09 8.27989e-05
5.01e-09 1.3e-09 0.000121861
6.31e-09 1.63e-09 0.000178013
7.94e-09 2.06e-09 0.000257218
1e-08 2.6e-09 0.000366019
1.26e-08 3.2e-09 0.00051045
1.58e-08 4.2e-09 0.000693189
2e-08 5.1e-09 0.000909742
2.51e-08 6.5e-09 0.00114337
3.16e-08 8.2e-09 0.00136117
3.98e-08 1.03e-08 0.00151565
5.01e-08 1.3e-08 0.00155712
6.31e-08 1.63e-08 0.00145826
7.94e-08 2.06e-08 0.00124066
1e-07 2.6e-08 0.000979625
1.26e-07 3.2e-08 0.000768996
1.58e-07 4.2e-08 0.000663365
2e-07 5.1e-08 0.000652012
2.51e-07 6.5e-08 0.000688807
3.16e-07 8.2e-08 0.000737068
3.98e-07 1.03e-07 0.000782334
5.01e-07 1.3e-07 0.000821753
6.31e-07 1.63e-07 0.00085537
7.94e-07 2.06e-07 0.000883737
1e-06 2.6e-07 0.000907513
1.26e-06 3.2e-07 0.000927405
1.58e-06 4.2e-07 0.000944053
2e-06 5.1e-07 0.000958041
2.51e-06 6.5e-07 0.000969873
3.16e-06 8.2e-07 0.000979972
3.98e-06 1.03e-06 0.000988682
5.01e-06 1.3e-06 0.000996285
6.31e-06 1.63e-06 0.001003
7.94e-06 2.06e-06 0.00100902
1e-05 2.6e-06 0.00101447
1.26e-05 3.2e-06 0.00101947
1.58e-05 4.2e-06 0.00102411
2e-05 5.1e-06 0.00102847
2.51e-05 6.5e-06 0.0010326
3.16e-05 8.2e-06 0.00103656
3.98e-05 1.03e-05 0.00104037
5.01e-05 1.3e-05 0.00104408
6.31e-05 1.63e-05 0.00104773
7.94e-05 2.06e-05 0.00105134
0.0001 2.5897e-05 0.00105493
0.000125897 3.2591e-05 0.00105855
0.000158488 4.1041e-05 0.00106222
0.000199529 5.1662e-05 0.00106597
0.000251191 6.5038e-05 0.00106983
0.000316229 8.1881e-05 0.00107385
0.00039811 0.00010308 0.00107806
0.00050119 0.000129765 0.00108252
0.000630955 0.00016338 0.00108727
0.000794335 0.000205665 0.00109237
0.001 0.00025896 0.00109788
0.00125896 0.00032592 0.00110388
0.00158488 0.00041041 0.00111045
0.00199529 0.00051662 0.00111767
0.00251191 0.00065039 0.00112565
0.0031623 0.0008188 0.00113449
0.0039811 0.0010308 0.00114432
0.0050119 0.00129765 0.00115526
0.00630955 0.0016338 0.00116745
0.00794335 0.00205665 0.00118106
0.01 0.0025886 0.00119623
0.0125886 0.0032603 0.00121314
0.0158489 0.004104 0.00123198
0.0199529 0.0051663 0.00125293
0.0251192 0.0065037 0.00127616
0.0316229 0.0081881 0.00130189
0.039811 0.010308 0.0013303
0.050119 0.0129765 0.00136158
0.0630955 0.016337 0.00139592
0.0794325 0.0205675 0.0014335
0.1 0.025886 0.00147444
0.125886 0.032602 0.00151886
0.158488 0.041041 0.0015667
0.199529 0.051662 0.00161771
0.251191 0.065038 0.0016713
0.316229 0.081881 0.00172633
0.39811 0.10308 0.00178087
0.50119 0.129775 0.00183189
0.630965 0.16336 0.00187499
0.794325 0.205675 0.00190423
1 0.25886 0.00191219
1.25886 0.32603 0.0018905
1.58489 0.4104 0.00183113
1.99529 0.51662 0.00172852
2.51191 0.65039 0.00158249
3.1623 0.8188 0.00140098
3.9811 1.0308 0.0012013
5.0119 1.29765 0.0010077
6.30955 1.6338 0.000844548
7.94335 2.05665 0.000727396
10 2.5897 0.000657286
12.5897 3.2592 0.000623819
15.8489 4.1039 0.000615456
19.9528 5.1663 0.000629302
25.1191 6.5038 0.000673068
31.6229 8.1881 0.000759481
39.811 10.308 0.000896721
50.119 12.9765 0.0010782
63.0955 16.338 0.00127639
79.4335 20.5665 0.00144625
100 25.887 0.00154006
125.887 32.601 0.00152649
158.488 41.04 0.00140255
199.528 51.663 0.00119205
251.191 65.038 0.000934544
316.229 81.881 0.000674239
398.11 103.08 0.000450169
501.19 129.775 0.000284514
630.965 163.37 0.000177039
794.335 205.665 0.000112974
1000 258.86 7.5589e-05
1258.86 326.03 5.2883e-05
1584.89 410.39 3.80987e-05
1995.28 516.64 2.78465e-05
2511.92 650.38 2.04613e-05
3162.3 818.8 1.50508e-05
3981.1 1030.8 1.1066e-05
5011.9 1297.75 8.12958e-06
6309.65 1633.7 5.96771e-06
7943.35 2056.65 4.37781e-06
10000 2588.7 3.20999e-06
12588.7 3260.1 2.3523e-06
15848.8 4104 1.72324e-06
19952.8 5166.4 1.26206e-06
25119.2 6503.7 9.24096e-07
31622.9 8188.1 6.76496e-07
39811 10308 4.95158e-07
50119 12977.5 3.62377e-07
63096.5 16336 2.65182e-07
79432.5 20567.5 1.94033e-07
100000 25886 1.41973e-07
125886 32602 1.03859e-07
158488 41040 7.59759e-08
199528 51664 5.55772e-08
251192 65038 4.06536e-08
316230 81880 2.97359e-08
398110 103080 2.17494e-08
501190 129775 1.59072e-08
630965 163360 1.16343e-08
794325 205675 8.50868e-09
1e+06 1.15886e+07 6.22304e-09
1.25886e+07 3.2603e+06 4.55063e-09
1.58489e+07 4.104e+06 3.32772e-09
1.99529e+07 5.1662e+06 2.43345e-09
2.51191e+07 6.5039e+06 1.77947e-09
3.1623e+07 8.188e+06 1.3012e-09
3.9811e+07 1.0308e+07 9.51451e-10
5.0119e+07 1.29765e+07 6.95689e-10
