1e-09 2.6e-10 8.06739e-06
1.26e-09 3.2e-10 1.23711e-05
1.58e-09 4.2e-10 1.89754e-05
2e-09 5.1e-10 2.9074e-05
2.51e-09 6.5e-10 4.44401e-05
3.16e-09 8.2e-10 6.76596e-05
3.98e-09 1.03e-09 0.000102415
5.01e-09 1.3e-09 0.000153787
6.31e-09 1.63e-09 0.00022846
7.94e-09 2.06e-09 0.000334693
1e-08 2.6e-09 0.000481504
1.26e-08 3.2e-09 0.000677032
1.58e-08 4.2e-09 0.000924406
2e-08 5.1e-09 0.00121615
2.51e-08 6.5e-09 0.00152679
3.16e-08 8.2e-09 0.00180724
3.98e-08 1.03e-08 0.00198719
5.01e-08 1.3e-08 0.00199357
6.31e-08 1.63e-08 0.00178673
7.94e-08 2.06e-08 0.00139955
1e-07 2.6e-08 0.000944469
1.26e-07 3.2e-08 0.000561669
1.58e-07 4.2e-08 0.000333803
2e-07 5.1e-08 0.000247499
2.51e-07 6.5e-08 0.000236896
3.16e-07 8.2e-08 0.000249386
3.98e-07 1.03e-07 0.00026436
5.01e-07 1.3e-07 0.000277685
6.31e-07 1.63e-07 0.000289064
7.94e-07 2.06e-07 0.000298671
1e-06 2.6e-07 0.000306727
1.26e-06 3.2e-07 0.000313472
1.58e-06 4.2e-07 0.000319122
2e-06 5.1e-07 0.000323874
2.51e-06 6.5e-07 0.000327898
3.16e-06 8.2e-07 0.000331338
3.98e-06 1.03e-06 0.000334309
5.01e-06 1.3e-06 0.000336907
6.31e-06 1.63e-06 0.000339208
7.94e-06 2.06e-06 0.000341273
1e-05 2.6e-06 0.000343149
1.26e-05 3.2e-06 0.000344877
1.58e-05 4.2e-06 0.000346487
2e-05 5.1e-06 0.000348003
2.51e-05 6.5e-06 0.000349446
3.16e-05 8.2e-06 0.000350835
3.98e-05 1.03e-05 0.000352184
5.01e-05 1.3e-05 0.000353507
6.31e-05 1.63e-05 0.000354815
7.94e-05 2.06e-05 0.000356122
0.0001 2.5897e-05 0.00035744
0.000125897 3.2591e-05 0.000358781
0.000158488 4.1041e-05 0.00036016
0.000199529 5.1662e-05 0.000361591
0.000251191 6.5038e-05 0.000363092
0.000316229 8.1881e-05 0.000364681
0.00039811 0.00010308 0.000366381
0.00050119 0.000129765 0.000368217
0.000630955 0.00016338 0.000370219
0.000794335 0.000205665 0.00037242
0.001 0.00025896 0.00037486
0.00125896 0.00032592 0.000377584
0.00158488 0.00041041 0.000380648
0.00199529 0.00051662 0.000384113
0.00251191 0.00065039 0.000388053
0.0031623 0.0008188 0.000392555
0.0039811 0.0010308 0.00039772
0.0050119 0.00129765 0.000403667
0.00630955 0.0016338 0.000410537
0.00794335 0.00205665 0.000418493
0.01 0.0025886 0.000427728
0.0125886 0.0032603 0.000438477
0.0158489 0.004104 0.000451003
0.0199529 0.0051663 0.000465625
0.0251192 0.0065037 0.000482715
0.0316229 0.0081881 0.000502709
0.039811 0.010308 0.000526116
0.050119 0.0129765 0.000553521
0.0630955 0.016337 0.000585597
0.0794325 0.0205675 0.000623098
0.1 0.025886 0.000666827
0.125886 0.032602 0.000717676
0.158488 0.041041 0.00077645
0.199529 0.051662 0.000843848
0.251191 0.065038 0.000920279
0.316229 0.081881 0.00100561
0.39811 0.10308 0.00109882
0.50119 0.129775 0.00119762
0.630965 0.16336 0.00129791
0.794325 0.205675 0.00139343
1 0.25886 0.00147551
1.25886 0.32603 0.00153347
1.58489 0.4104 0.00155565
1.99529 0.51662 0.00153193
2.51191 0.65039 0.0014571
3.1623 0.8188 0.00133474
3.9811 1.0308 0.00117962
5.0119 1.29765 0.00101621
6.30955 1.6338 0.000871824
7.94335 2.05665 0.000766408
10 2.5897 0.000704978
12.5897 3.2592 0.000679429
15.8489 4.1039 0.000679151
19.9528 5.1663 0.000702048
25.1191 6.5038 0.000757435
31.6229 8.1881 0.000860283
39.811 10.308 0.00102059
50.119 12.9765 0.00123161
63.0955 16.338 0.00146251
79.4335 20.5665 0.00166189
100 25.887 0.0017746
125.887 32.601 0.00176373
158.488 41.04 0.00162481
199.528 51.663 0.00138467
251.191 65.038 0.00108897
316.229 81.881 0.000789001
398.11 103.08 0.000529955
501.19 129.775 0.000337542
630.965 163.37 0.000211863
794.335 205.665 0.000136276
1000 258.86 9.16972e-05
1258.86 326.03 6.43374e-05
1584.89 410.39 4.63831e-05
1995.28 516.64 3.3881e-05
2511.92 650.38 2.48637e-05
3162.3 818.8 1.82598e-05
3981.1 1030.8 1.34017e-05
5011.9 1297.75 9.82704e-06
6309.65 1633.7 7.19979e-06
7943.35 2056.65 5.27114e-06
10000 2588.7 3.85717e-06
12588.7 3260.1 2.82072e-06
15848.8 4104 2.06207e-06
19952.8 5166.4 1.50702e-06
25119.2 6503.7 1.1011e-06
31622.9 8188.1 8.04343e-07
39811 10308 5.87462e-07
50119 12977.5 4.28994e-07
63096.5 16336 3.13245e-07
79432.5 20567.5 2.28699e-07
100000 25886 1.66969e-07
125886 32602 1.21876e-07
158488 41040 8.89586e-08
199528 51664 6.493e-08
251192 65038 4.73897e-08
316230 81880 3.45859e-08
398110 103080 2.52404e-08
501190 129775 1.84193e-08
630965 163360 1.34416e-08
794325 205675 9.80846e-09
1e+06 1.15886e+07 7.15761e-09
1.25886e+07 3.2603e+06 5.22231e-09
1.58489e+07 4.104e+06 3.81033e-09
1.99529e+07 5.1662e+06 2.78011e-09
2.51191e+07 6.5039e+06 2.0284e-09
3.1623e+07 8.188e+06 1.47988e-09
3.9811e+07 1.0308e+07 1.07967e-09
5.0119e+07 1.29765e+07 7.87665e-10
