1e-09 2.6e-10 6.1289e-06
1.26e-09 3.2e-10 9.42388e-06
1.58e-09 4.2e-10 1.44886e-05
2e-09 5.1e-10 2.2244e-05
2.51e-09 6.5e-10 3.40585e-05
3.16e-09 8.2e-10 5.1929e-05
3.98e-09 1.03e-09 7.86994e-05
5.01e-09 1.3e-09 0.000118296
6.31e-09 1.63e-09 0.000175882
7.94e-09 2.06e-09 0.00025784
1e-08 2.6e-09 0.000371136
1.26e-08 3.2e-09 0.00052205
1.58e-08 4.2e-09 0.000712979
2e-08 5.1e-09 0.000938102
2.51e-08 6.5e-09 0.00117766
3.16e-08 8.2e-09 0.00139359
3.98e-08 1.03e-08 0.00153143
5.01e-08 1.3e-08 0.00153454
6.31e-08 1.63e-08 0.00137226
7.94e-08 2.06e-08 0.00107007
1e-07 2.6e-08 0.000715139
1.26e-07 3.2e-08 0.000416141
1.58e-07 4.2e-08 0.000237185
2e-07 5.1e-08 0.000167993
2.51e-07 6.5e-08 0.000157606
3.16e-07 8.2e-08 0.000165316
3.98e-07 1.03e-07 0.00017518
5.01e-07 1.3e-07 0.000183995
6.31e-07 1.63e-07 0.000191523
7.94e-07 2.06e-07 0.000197875
1e-06 2.6e-07 0.0002032
1.26e-06 3.2e-07 0.000207655
1.58e-06 4.2e-07 0.000211384
2e-06 5.1e-07 0.000214518
2.51e-06 6.5e-07 0.00021717
3.16e-06 8.2e-07 0.000219434
3.98e-06 1.03e-06 0.000221388
5.01e-06 1.3e-06 0.000223095
6.31e-06 1.63e-06 0.000224604
7.94e-06 2.06e-06 0.000225957
1e-05 2.6e-06 0.000227186
1.26e-05 3.2e-06 0.000228316
1.58e-05 4.2e-06 0.000229367
2e-05 5.1e-06 0.000230357
2.51e-05 6.5e-06 0.000231299
3.16e-05 8.2e-06 0.000232205
3.98e-05 1.03e-05 0.000233085
5.01e-05 1.3e-05 0.000233947
6.31e-05 1.63e-05 0.000234801
7.94e-05 2.06e-05 0.000235654
0.0001 2.5897e-05 0.000236515
0.000125897 3.2591e-05 0.000237391
0.000158488 4.1041e-05 0.000238294
0.000199529 5.1662e-05 0.000239232
0.000251191 6.5038e-05 0.000240218
0.000316229 8.1881e-05 0.000241264
0.00039811 0.00010308 0.000242385
0.00050119 0.000129765 0.000243599
0.000630955 0.00016338 0.000244925
0.000794335 0.000205665 0.000246386
0.001 0.00025896 0.00024801
0.00125896 0.00032592 0.000249828
0.00158488 0.00041041 0.000251877
0.00199529 0.00051662 0.000254199
0.00251191 0.00065039 0.000256845
0.0031623 0.0008188 0.000259876
0.0039811 0.0010308 0.00026336
0.0050119 0.00129765 0.000267381
0.00630955 0.0016338 0.000272036
0.00794335 0.00205665 0.00027744
0.01 0.0025886 0.000283728
0.0125886 0.0032603 0.000291065
0.0158489 0.004104 0.000299641
0.0199529 0.0051663 0.000309682
0.0251192 0.0065037 0.000321459
0.0316229 0.0081881 0.000335292
0.039811 0.010308 0.00035156
0.050119 0.0129765 0.000370706
0.0630955 0.016337 0.000393252
0.0794325 0.0205675 0.000419795
0.1 0.025886 0.000451
0.125886 0.032602 0.000487632
0.158488 0.041041 0.000530445
0.199529 0.051662 0.000580175
0.251191 0.065038 0.000637418
0.316229 0.081881 0.000702446
0.39811 0.10308 0.000774937
0.50119 0.129775 0.000853633
0.630965 0.16336 0.000935893
0.794325 0.205675 0.00101729
1 0.25886 0.00109125
1.25886 0.32603 0.00114926
1.58489 0.4104 0.00118146
1.99529 0.51662 0.00117867
2.51191 0.65039 0.00113515
3.1623 0.8188 0.00105204
3.9811 1.0308 0.000939773
5.0119 1.29765 0.000817356
6.30955 1.6338 0.000707062
7.94335 2.05665 0.000625954
10 2.5897 0.00057918
12.5897 3.2592 0.000560946
15.8489 4.1039 0.000563062
19.9528 5.1663 0.000584209
25.1191 6.5038 0.000632594
31.6229 8.1881 0.000721254
39.811 10.308 0.000859023
50.119 12.9765 0.00104041
63.0955 16.338 0.00123915
79.4335 20.5665 0.00141117
100 25.887 0.00150904
125.887 32.601 0.00150098
158.488 41.04 0.00138311
199.528 51.663 0.00117836
251.191 65.038 0.000925659
316.229 81.881 0.000668932
398.11 103.08 0.000447238
501.19 129.775 0.000282981
630.965 163.37 0.00017625
794.335 205.665 0.000112557
1000 258.86 7.53587e-05
1258.86 326.03 5.27499e-05
1584.89 410.39 3.80194e-05
1995.28 516.64 2.77986e-05
2511.92 650.38 2.04322e-05
3162.3 818.8 1.50331e-05
3981.1 1030.8 1.10553e-05
5011.9 1297.75 8.12306e-06
6309.65 1633.7 5.96376e-06
7943.35 2056.65 4.37542e-06
10000 2588.7 3.20854e-06
12588.7 3260.1 2.35143e-06
15848.8 4104 1.72271e-06
19952.8 5166.4 1.26174e-06
25119.2 6503.7 9.23902e-07
31622.9 8188.1 6.76378e-07
39811 10308 4.95087e-07
50119 12977.5 3.62334e-07
63096.5 16336 2.65156e-07
79432.5 20567.5 1.94018e-07
100000 25886 1.41963e-07
125886 32602 1.03853e-07
158488 41040 7.59724e-08
199528 51664 5.55751e-08
251192 65038 4.06524e-08
316230 81880 2.97351e-08
398110 103080 2.17489e-08
501190 129775 1.59069e-08
630965 163360 1.16341e-08
794325 205675 8.50858e-09
1e+06 1.15886e+07 6.22298e-09
1.25886e+07 3.2603e+06 4.55059e-09
1.58489e+07 4.104e+06 3.3277e-09
1.99529e+07 5.1662e+06 2.43344e-09
2.51191e+07 6.5039e+06 1.77946e-09
3.1623e+07 8.188e+06 1.30119e-09
3.9811e+07 1.0308e+07 9.51448e-10
5.0119e+07 1.29765e+07 6.95687e-10
