1e-09 2.6e-10 6.43695e-06
1.26e-09 3.2e-10 9.90541e-06
1.58e-09 4.2e-10 1.52394e-05
2e-09 5.1e-10 2.34103e-05
2.51e-09 6.5e-10 3.58622e-05
3.16e-09 8.2e-10 5.47021e-05
3.98e-09 1.03e-09 8.29313e-05
5.01e-09 1.3e-09 0.000124693
6.31e-09 1.63e-09 0.000185438
7.94e-09 2.06e-09 0.000271902
1e-08 2.6e-09 0.000391436
1.26e-08 3.2e-09 0.000550666
1.58e-08 4.2e-09 0.000752117
2e-08 5.1e-09 0.000989632
2.51e-08 6.5e-09 0.00124233
3.16e-08 8.2e-09 0.00147001
3.98e-08 1.03e-08 0.00161514
5.01e-08 1.3e-08 0.0016179
6.31e-08 1.63e-08 0.0014459
7.94e-08 2.06e-08 0.00112608
1e-07 2.6e-08 0.00075052
1.26e-07 3.2e-08 0.000434018
1.58e-07 4.2e-08 0.000244312
2e-07 5.1e-08 0.000170567
2.51e-07 6.5e-08 0.000158982
3.16e-07 8.2e-08 0.000166572
3.98e-07 1.03e-07 0.000176504
5.01e-07 1.3e-07 0.000185398
6.31e-07 1.63e-07 0.000192995
7.94e-07 2.06e-07 0.000199409
1e-06 2.6e-07 0.000204788
1.26e-06 3.2e-07 0.000209292
1.58e-06 4.2e-07 0.000213064
2e-06 5.1e-07 0.000216237
2.51e-06 6.5e-07 0.000218924
3.16e-06 8.2e-07 0.00022122
3.98e-06 1.03e-06 0.000223205
5.01e-06 1.3e-06 0.00022494
6.31e-06 1.63e-06 0.000226476
7.94e-06 2.06e-06 0.000227855
1e-05 2.6e-06 0.000229109
1.26e-05 3.2e-06 0.000230263
1.58e-05 4.2e-06 0.000231339
2e-05 5.1e-06 0.000232352
2.51e-05 6.5e-06 0.000233318
3.16e-05 8.2e-06 0.000234247
3.98e-05 1.03e-05 0.000235149
5.01e-05 1.3e-05 0.000236035
6.31e-05 1.63e-05 0.000236912
7.94e-05 2.06e-05 0.000237788
0.0001 2.5897e-05 0.000238672
0.000125897 3.2591e-05 0.000239573
0.000158488 4.1041e-05 0.0002405
0.000199529 5.1662e-05 0.000241463
0.000251191 6.5038e-05 0.000242474
0.000316229 8.1881e-05 0.000243547
0.00039811 0.00010308 0.000244695
0.00050119 0.000129765 0.000245938
0.000630955 0.00016338 0.000247294
0.000794335 0.000205665 0.000248787
0.001 0.00025896 0.000250445
0.00125896 0.00032592 0.000252299
0.00158488 0.00041041 0.000254387
0.00199529 0.00051662 0.000256751
0.00251191 0.00065039 0.000259445
0.0031623 0.0008188 0.000262527
0.0039811 0.0010308 0.000266069
0.0050119 0.00129765 0.000270154
0.00630955 0.0016338 0.000274882
0.00794335 0.00205665 0.000280369
0.01 0.0025886 0.000286752
0.0125886 0.0032603 0.000294201
0.0158489 0.004104 0.000302906
0.0199529 0.0051663 0.000313102
0.0251192 0.0065037 0.000325063
0.0316229 0.0081881 0.000339122
0.039811 0.010308 0.000355667
0.050119 0.0129765 0.00037516
0.0630955 0.016337 0.000398148
0.0794325 0.0205675 0.000425264
0.1 0.025886 0.000457223
0.125886 0.032602 0.000494862
0.158488 0.041041 0.000539033
0.199529 0.051662 0.000590608
0.251191 0.065038 0.00065036
0.316229 0.081881 0.000718784
0.39811 0.10308 0.000795821
0.50119 0.129775 0.000880483
0.630965 0.16336 0.000970347
0.794325 0.205675 0.00106107
1 0.25886 0.00114588
1.25886 0.32603 0.00121567
1.58489 0.4104 0.00125952
1.99529 0.51662 0.00126672
2.51191 0.65039 0.00122994
3.1623 0.8188 0.00114915
3.9811 1.0308 0.00103466
5.0119 1.29765 0.000906774
6.30955 1.6338 0.000790185
7.94335 2.05665 0.000704445
10 2.5897 0.000656078
12.5897 3.2592 0.000639219
15.8489 4.1039 0.000645025
19.9528 5.1663 0.000672224
25.1191 6.5038 0.000730328
31.6229 8.1881 0.000834429
39.811 10.308 0.000994895
50.119 12.9765 0.0012057
63.0955 16.338 0.00143684
79.4335 20.5665 0.0016376
100 25.887 0.00175303
125.887 32.601 0.00174591
158.488 41.04 0.00161118
199.528 51.663 0.00137504
251.191 65.038 0.00108269
316.229 81.881 0.000785234
398.11 103.08 0.000527859
501.19 129.775 0.000336437
630.965 163.37 0.000211289
794.335 205.665 0.00013597
1000 258.86 9.15272e-05
1258.86 326.03 6.42387e-05
1584.89 410.39 4.63243e-05
1995.28 516.64 3.38455e-05
2511.92 650.38 2.48421e-05
3162.3 818.8 1.82467e-05
3981.1 1030.8 1.33938e-05
5011.9 1297.75 9.82223e-06
6309.65 1633.7 7.19688e-06
7943.35 2056.65 5.26938e-06
10000 2588.7 3.8561e-06
12588.7 3260.1 2.82008e-06
15848.8 4104 2.06168e-06
19952.8 5166.4 1.50679e-06
25119.2 6503.7 1.10096e-06
31622.9 8188.1 8.04257e-07
39811 10308 5.8741e-07
50119 12977.5 4.28963e-07
63096.5 16336 3.13227e-07
79432.5 20567.5 2.28688e-07
100000 25886 1.66962e-07
125886 32602 1.21872e-07
158488 41040 8.89561e-08
199528 51664 6.49285e-08
251192 65038 4.73888e-08
316230 81880 3.45853e-08
398110 103080 2.52401e-08
501190 129775 1.84191e-08
630965 163360 1.34414e-08
794325 205675 9.80838e-09
1e+06 1.15886e+07 7.15757e-09
1.25886e+07 3.2603e+06 5.22229e-09
1.58489e+07 4.104e+06 3.81032e-09
1.99529e+07 5.1662e+06 2.7801e-09
2.51191e+07 6.5039e+06 2.02839e-09
3.1623e+07 8.188e+06 1.47988e-09
3.9811e+07 1.0308e+07 1.07967e-09
5.0119e+07 1.29765e+07 7.87664e-10
