1e-09 2.6e-10 6.10626e-06
1.26e-09 3.2e-10 9.39815e-06
1.58e-09 4.2e-10 1.44611e-05
2e-09 5.1e-10 2.22175e-05
2.51e-09 6.5e-10 3.40386e-05
3.16e-09 8.2e-10 5.19252e-05
3.98e-09 1.03e-09 7.87273e-05
5.01e-09 1.3e-09 0.00011838
6.31e-09 1.63e-09 0.000176058
7.94e-09 2.06e-09 0.00025816
1e-08 2.6e-09 0.000371664
1.26e-08 3.2e-09 0.000522864
1.58e-08 4.2e-09 0.000714155
2e-08 5.1e-09 0.000939687
2.51e-08 6.5e-09 0.00117963
3.16e-08 8.2e-09 0.0013958
3.98e-08 1.03e-08 0.00153354
5.01e-08 1.3e-08 0.00153605
6.31e-08 1.63e-08 0.00137256
7.94e-08 2.06e-08 0.00106867
1e-07 2.6e-08 0.000711821
1.26e-07 3.2e-08 0.000411064
1.58e-07 4.2e-08 0.000230737
2e-07 5.1e-08 0.000160554
2.51e-07 6.5e-08 0.000149418
3.16e-07 8.2e-08 0.000156508
3.98e-07 1.03e-07 0.000165836
5.01e-07 1.3e-07 0.000174192
6.31e-07 1.63e-07 0.00018133
7.94e-07 2.06e-07 0.000187356
1e-06 2.6e-07 0.00019241
1.26e-06 3.2e-07 0.000196642
1.58e-06 4.2e-07 0.000200186
2e-06 5.1e-07 0.000203167
2.51e-06 6.5e-07 0.000205691
3.16e-06 8.2e-07 0.000207849
3.98e-06 1.03e-06 0.000209714
5.01e-06 1.3e-06 0.000211344
6.31e-06 1.63e-06 0.000212788
7.94e-06 2.06e-06 0.000214083
1e-05 2.6e-06 0.000215261
1.26e-05 3.2e-06 0.000216346
1.58e-05 4.2e-06 0.000217356
2e-05 5.1e-06 0.000218308
2.51e-05 6.5e-06 0.000219215
3.16e-05 8.2e-06 0.000220088
3.98e-05 1.03e-05 0.000220936
5.01e-05 1.3e-05 0.000221768
6.31e-05 1.63e-05 0.000222592
7.94e-05 2.06e-05 0.000223415
0.0001 2.5897e-05 0.000224246
0.000125897 3.2591e-05 0.000225092
0.000158488 4.1041e-05 0.000225963
0.000199529 5.1662e-05 0.000226868
0.000251191 6.5038e-05 0.000227818
0.000316229 8.1881e-05 0.000228825
0.00039811 0.00010308 0.000229904
0.00050119 0.000129765 0.00023107
0.000630955 0.00016338 0.000232344
0.000794335 0.000205665 0.000233746
0.001 0.00025896 0.000235303
0.00125896 0.00032592 0.000237043
0.00158488 0.00041041 0.000239003
0.00199529 0.00051662 0.000241222
0.00251191 0.00065039 0.00024375
0.0031623 0.0008188 0.000246642
0.0039811 0.0010308 0.000249965
0.0050119 0.00129765 0.000253798
0.00630955 0.0016338 0.000258233
0.00794335 0.00205665 0.000263379
0.01 0.0025886 0.000269364
0.0125886 0.0032603 0.000276348
0.0158489 0.004104 0.00028451
0.0199529 0.0051663 0.000294067
0.0251192 0.0065037 0.000305279
0.0316229 0.0081881 0.000318456
0.039811 0.010308 0.000333965
0.050119 0.0129765 0.000352239
0.0630955 0.016337 0.000373794
0.0794325 0.0205675 0.000399231
0.1 0.025886 0.000429228
0.125886 0.032602 0.000464589
0.158488 0.041041 0.000506137
0.199529 0.051662 0.000554731
0.251191 0.065038 0.000611158
0.316229 0.081881 0.000675964
0.39811 0.10308 0.000749207
0.50119 0.129775 0.000830094
0.630965 0.16336 0.000916496
0.794325 0.205675 0.00100446
1 0.25886 0.00108767
1.25886 0.32603 0.00115747
1.58489 0.4104 0.00120331
1.99529 0.51662 0.00121461
2.51191 0.65039 0.00118383
3.1623 0.8188 0.00111031
3.9811 1.0308 0.00100345
5.0119 1.29765 0.000882603
6.30955 1.6338 0.000771738
7.94335 2.05665 0.000690157
10 2.5897 0.000644601
12.5897 3.2592 0.000629636
15.8489 4.1039 0.000636784
19.9528 5.1663 0.000664939
25.1191 6.5038 0.000723643
31.6229 8.1881 0.000827999
39.811 10.308 0.000988462
50.119 12.9765 0.00119917
63.0955 16.338 0.00143035
79.4335 20.5665 0.00163143
100 25.887 0.00174752
125.887 32.601 0.00174136
158.488 41.04 0.00160769
199.528 51.663 0.00137257
251.191 65.038 0.00108107
316.229 81.881 0.000784263
398.11 103.08 0.000527318
501.19 129.775 0.000336152
630.965 163.37 0.000211141
794.335 205.665 0.000135891
1000 258.86 9.14832e-05
1258.86 326.03 6.42132e-05
1584.89 410.39 4.63091e-05
1995.28 516.64 3.38363e-05
2511.92 650.38 2.48365e-05
3162.3 818.8 1.82433e-05
3981.1 1030.8 1.33917e-05
5011.9 1297.75 9.82098e-06
6309.65 1633.7 7.19612e-06
7943.35 2056.65 5.26892e-06
10000 2588.7 3.85583e-06
12588.7 3260.1 2.81991e-06
15848.8 4104 2.06158e-06
19952.8 5166.4 1.50673e-06
25119.2 6503.7 1.10092e-06
31622.9 8188.1 8.04235e-07
39811 10308 5.87397e-07
50119 12977.5 4.28955e-07
63096.5 16336 3.13222e-07
79432.5 20567.5 2.28685e-07
100000 25886 1.66961e-07
125886 32602 1.21871e-07
158488 41040 8.89555e-08
199528 51664 6.49282e-08
251192 65038 4.73886e-08
316230 81880 3.45852e-08
398110 103080 2.524e-08
501190 129775 1.84191e-08
630965 163360 1.34414e-08
794325 205675 9.80836e-09
1e+06 1.15886e+07 7.15755e-09
1.25886e+07 3.2603e+06 5.22228e-09
1.58489e+07 4.104e+06 3.81031e-09
1.99529e+07 5.1662e+06 2.7801e-09
2.51191e+07 6.5039e+06 2.02839e-09
3.1623e+07 8.188e+06 1.47988e-09
3.9811e+07 1.0308e+07 1.07967e-09
5.0119e+07 1.29765e+07 7.87664e-10
