1e-09 2.6e-10 6.0394e-06
1.26e-09 3.2e-10 9.29541e-06
1.58e-09 4.2e-10 1.43033e-05
2e-09 5.1e-10 2.19753e-05
2.51e-09 6.5e-10 3.3668e-05
3.16e-09 8.2e-10 5.13604e-05
3.98e-09 1.03e-09 7.78716e-05
5.01e-09 1.3e-09 0.000117094
6.31e-09 1.63e-09 0.000174147
7.94e-09 2.06e-09 0.000255358
1e-08 2.6e-09 0.000367632
1.26e-08 3.2e-09 0.000517193
1.58e-08 4.2e-09 0.00070641
2e-08 5.1e-09 0.000929498
2.51e-08 6.5e-09 0.00116684
3.16e-08 8.2e-09 0.00138066
3.98e-08 1.03e-08 0.0015169
5.01e-08 1.3e-08 0.00151937
6.31e-08 1.63e-08 0.00135764
7.94e-08 2.06e-08 0.00105702
1e-07 2.6e-08 0.00070401
1.26e-07 3.2e-08 0.000406489
1.58e-07 4.2e-08 0.000228095
2e-07 5.1e-08 0.000158655
2.51e-07 6.5e-08 0.000147625
3.16e-07 8.2e-08 0.000154624
3.98e-07 1.03e-07 0.00016384
5.01e-07 1.3e-07 0.000172095
6.31e-07 1.63e-07 0.000179147
7.94e-07 2.06e-07 0.000185101
1e-06 2.6e-07 0.000190094
1.26e-06 3.2e-07 0.000194275
1.58e-06 4.2e-07 0.000197776
2e-06 5.1e-07 0.000200721
2.51e-06 6.5e-07 0.000203215
3.16e-06 8.2e-07 0.000205347
3.98e-06 1.03e-06 0.000207189
5.01e-06 1.3e-06 0.0002088
6.31e-06 1.63e-06 0.000210226
7.94e-06 2.06e-06 0.000211506
1e-05 2.6e-06 0.00021267
1.26e-05 3.2e-06 0.000213741
1.58e-05 4.2e-06 0.00021474
2e-05 5.1e-06 0.000215681
2.51e-05 6.5e-06 0.000216577
3.16e-05 8.2e-06 0.000217439
3.98e-05 1.03e-05 0.000218277
5.01e-05 1.3e-05 0.000219099
6.31e-05 1.63e-05 0.000219913
7.94e-05 2.06e-05 0.000220726
0.0001 2.5897e-05 0.000221547
0.000125897 3.2591e-05 0.000222383
0.000158488 4.1041e-05 0.000223243
0.000199529 5.1662e-05 0.000224137
0.000251191 6.5038e-05 0.000225075
0.000316229 8.1881e-05 0.00022607
0.00039811 0.00010308 0.000227136
0.00050119 0.000129765 0.000228288
0.000630955 0.00016338 0.000229546
0.000794335 0.000205665 0.000230931
0.001 0.00025896 0.000232468
0.00125896 0.00032592 0.000234187
0.00158488 0.00041041 0.000236123
0.00199529 0.00051662 0.000238315
0.00251191 0.00065039 0.000240811
0.0031623 0.0008188 0.000243668
0.0039811 0.0010308 0.000246949
0.0050119 0.00129765 0.000250734
0.00630955 0.0016338 0.000255113
0.00794335 0.00205665 0.000260194
0.01 0.0025886 0.000266103
0.0125886 0.0032603 0.000272999
0.0158489 0.004104 0.000281056
0.0199529 0.0051663 0.000290491
0.0251192 0.0065037 0.00030156
0.0316229 0.0081881 0.000314567
0.039811 0.010308 0.000329876
0.050119 0.0129765 0.000347915
0.0630955 0.016337 0.000369193
0.0794325 0.0205675 0.000394303
0.1 0.025886 0.000423917
0.125886 0.032602 0.00045883
0.158488 0.041041 0.00049986
0.199529 0.051662 0.000547862
0.251191 0.065038 0.000603622
0.316229 0.081881 0.000667697
0.39811 0.10308 0.000740162
0.50119 0.129775 0.000820262
0.630965 0.16336 0.000905926
0.794325 0.205675 0.000993275
1 0.25886 0.00107609
1.25886 0.32603 0.00114581
1.58489 0.4104 0.00119197
1.99529 0.51662 0.00120403
2.51191 0.65039 0.0011744
3.1623 0.8188 0.00110231
3.9811 1.0308 0.000996984
5.0119 1.29765 0.000877568
6.30955 1.6338 0.000767875
7.94335 2.05665 0.000687152
10 2.5897 0.000642177
12.5897 3.2592 0.000627604
15.8489 4.1039 0.000635031
19.9528 5.1663 0.000663385
25.1191 6.5038 0.000722214
31.6229 8.1881 0.000826623
39.811 10.308 0.000987082
50.119 12.9765 0.00119777
63.0955 16.338 0.00142895
79.4335 20.5665 0.0016301
100 25.887 0.00174634
125.887 32.601 0.00174038
158.488 41.04 0.00160694
199.528 51.663 0.00137204
251.191 65.038 0.00108073
316.229 81.881 0.000784053
398.11 103.08 0.000527201
501.19 129.775 0.00033609
630.965 163.37 0.000211109
794.335 205.665 0.000135874
1000 258.86 9.14737e-05
1258.86 326.03 6.42077e-05
1584.89 410.39 4.63058e-05
1995.28 516.64 3.38343e-05
2511.92 650.38 2.48353e-05
3162.3 818.8 1.82426e-05
3981.1 1030.8 1.33912e-05
5011.9 1297.75 9.82071e-06
6309.65 1633.7 7.19596e-06
7943.35 2056.65 5.26882e-06
10000 2588.7 3.85577e-06
12588.7 3260.1 2.81988e-06
15848.8 4104 2.06155e-06
19952.8 5166.4 1.50671e-06
25119.2 6503.7 1.10092e-06
31622.9 8188.1 8.0423e-07
39811 10308 5.87394e-07
50119 12977.5 4.28953e-07
63096.5 16336 3.13221e-07
79432.5 20567.5 2.28684e-07
100000 25886 1.6696e-07
125886 32602 1.2187e-07
158488 41040 8.89553e-08
199528 51664 6.49281e-08
251192 65038 4.73885e-08
316230 81880 3.45852e-08
398110 103080 2.524e-08
501190 129775 1.84191e-08
630965 163360 1.34414e-08
794325 205675 9.80836e-09
1e+06 1.15886e+07 7.15755e-09
1.25886e+07 3.2603e+06 5.22228e-09
1.58489e+07 4.104e+06 3.81031e-09
1.99529e+07 5.1662e+06 2.7801e-09
2.51191e+07 6.5039e+06 2.02839e-09
3.1623e+07 8.188e+06 1.47988e-09
3.9811e+07 1.0308e+07 1.07967e-09
5.0119e+07 1.29765e+07 7.87664e-10
