1e-09 2.6e-10 9.09666e-06
1.26e-09 3.2e-10 1.35048e-05
1.58e-09 4.2e-10 2.01227e-05
2e-09 5.1e-10 3.00514e-05
2.51e-09 6.5e-10 4.49147e-05
3.16e-09 8.2e-10 6.70662e-05
3.98e-09 1.03e-09 9.98406e-05
5.01e-09 1.3e-09 0.000147825
6.31e-09 1.63e-09 0.000217042
7.94e-09 2.06e-09 0.000314936
1e-08 2.6e-09 0.000449665
1.26e-08 3.2e-09 0.0006287
1.58e-08 4.2e-09 0.000855217
2e-08 5.1e-09 0.00112325
2.51e-08 6.5e-09 0.00141123
3.16e-08 8.2e-09 0.00167707
3.98e-08 1.03e-08 0.00186017
5.01e-08 1.3e-08 0.00189725
6.31e-08 1.63e-08 0.0017537
7.94e-08 2.06e-08 0.00145732
1e-07 2.6e-08 0.00110449
1.26e-07 3.2e-08 0.00081531
1.58e-07 4.2e-08 0.000659976
2e-07 5.1e-08 0.000625527
2.51e-07 6.5e-08 0.000653797
3.16e-07 8.2e-08 0.000698463
3.98e-07 1.03e-07 0.000741303
5.01e-07 1.3e-07 0.000778702
6.31e-07 1.63e-07 0.00081061
7.94e-07 2.06e-07 0.000837547
1e-06 2.6e-07 0.000860137
1.26e-06 3.2e-07 0.000879048
1.58e-06 4.2e-07 0.000894886
2e-06 5.1e-07 0.000908205
2.51e-06 6.5e-07 0.000919483
3.16e-06 8.2e-07 0.00092912
3.98e-06 1.03e-06 0.000937441
5.01e-06 1.3e-06 0.000944714
6.31e-06 1.63e-06 0.00095115
7.94e-06 2.06e-06 0.00095692
1e-05 2.6e-06 0.000962157
1.26e-05 3.2e-06 0.000966973
1.58e-05 4.2e-06 0.000971451
2e-05 5.1e-06 0.000975659
2.51e-05 6.5e-06 0.000979655
3.16e-05 8.2e-06 0.000983486
3.98e-05 1.03e-05 0.000987191
5.01e-05 1.3e-05 0.000990805
6.31e-05 1.63e-05 0.00099436
7.94e-05 2.06e-05 0.000997887
0.0001 2.5897e-05 0.00100141
0.000125897 3.2591e-05 0.00100497
0.000158488 4.1041e-05 0.00100859
0.000199529 5.1662e-05 0.0010123
0.000251191 6.5038e-05 0.00101613
0.000316229 8.1881e-05 0.00102014
0.00039811 0.00010308 0.00102437
0.00050119 0.000129765 0.00102885
0.000630955 0.00016338 0.00103366
0.000794335 0.000205665 0.00103885
0.001 0.00025896 0.0010445
0.00125896 0.00032592 0.00105068
0.00158488 0.00041041 0.0010575
0.00199529 0.00051662 0.00106504
0.00251191 0.00065039 0.00107344
0.0031623 0.0008188 0.00108283
0.0039811 0.0010308 0.00109335
0.0050119 0.00129765 0.00110518
0.00630955 0.0016338 0.00111849
0.00794335 0.00205665 0.0011335
0.01 0.0025886 0.00115044
0.0125886 0.0032603 0.00116956
0.0158489 0.004104 0.00119113
0.0199529 0.0051663 0.00121544
0.0251192 0.0065037 0.00124282
0.0316229 0.0081881 0.00127359
0.039811 0.010308 0.00130812
0.050119 0.0129765 0.00134675
0.0630955 0.016337 0.00138984
0.0794325 0.0205675 0.00143773
0.1 0.025886 0.00149067
0.125886 0.032602 0.00154889
0.158488 0.041041 0.00161238
0.199529 0.051662 0.00168086
0.251191 0.065038 0.00175361
0.316229 0.081881 0.00182926
0.39811 0.10308 0.00190545
0.50119 0.129775 0.00197855
0.630965 0.16336 0.00204329
0.794325 0.205675 0.0020926
1 0.25886 0.0021176
1.25886 0.32603 0.00210829
1.58489 0.4104 0.00205495
1.99529 0.51662 0.00195067
2.51191 0.65039 0.00179472
3.1623 0.8188 0.00159584
3.9811 1.0308 0.00137376
5.0119 1.29765 0.0011565
6.30955 1.6338 0.000972523
7.94335 2.05665 0.000840317
10 2.5897 0.000761635
12.5897 3.2592 0.00072487
15.8489 4.1039 0.000716901
19.9528 5.1663 0.000734447
25.1191 6.5038 0.00078643
31.6229 8.1881 0.000887581
39.811 10.308 0.00104741
50.119 12.9765 0.00125841
63.0955 16.338 0.00148885
79.4335 20.5665 0.00168666
100 25.887 0.00179648
125.887 32.601 0.00178171
158.488 41.04 0.0016385
199.528 51.663 0.00139432
251.191 65.038 0.00109524
316.229 81.881 0.000792756
398.11 103.08 0.000532038
501.19 129.775 0.000338639
630.965 163.37 0.000212432
794.335 205.665 0.000136578
1000 258.86 9.18653e-05
1258.86 326.03 6.44348e-05
1584.89 410.39 4.64411e-05
1995.28 516.64 3.3916e-05
2511.92 650.38 2.48849e-05
3162.3 818.8 1.82726e-05
3981.1 1030.8 1.34095e-05
5011.9 1297.75 9.83176e-06
6309.65 1633.7 7.20265e-06
7943.35 2056.65 5.27287e-06
10000 2588.7 3.85821e-06
12588.7 3260.1 2.82136e-06
15848.8 4104 2.06245e-06
19952.8 5166.4 1.50725e-06
25119.2 6503.7 1.10124e-06
31622.9 8188.1 8.04426e-07
39811 10308 5.87513e-07
50119 12977.5 4.29024e-07
63096.5 16336 3.13264e-07
79432.5 20567.5 2.2871e-07
100000 25886 1.66976e-07
125886 32602 1.2188e-07
158488 41040 8.8961e-08
199528 51664 6.49315e-08
251192 65038 4.73906e-08
316230 81880 3.45864e-08
398110 103080 2.52408e-08
501190 129775 1.84195e-08
630965 163360 1.34417e-08
794325 205675 9.80853e-09
1e+06 1.15886e+07 7.15765e-09
1.25886e+07 3.2603e+06 5.22234e-09
1.58489e+07 4.104e+06 3.81035e-09
1.99529e+07 5.1662e+06 2.78012e-09
2.51191e+07 6.5039e+06 2.0284e-09
3.1623e+07 8.188e+06 1.47989e-09
3.9811e+07 1.0308e+07 1.07968e-09
5.0119e+07 1.29765e+07 7.87666e-10
