1e-09 2.6e-10 8.60511e-06
1.26e-09 3.2e-10 1.31491e-05
1.58e-09 4.2e-10 2.01067e-05
2e-09 5.1e-10 3.07255e-05
2.51e-09 6.5e-10 4.68576e-05
3.16e-09 8.2e-10 7.12023e-05
3.98e-09 1.03e-09 0.000107601
5.01e-09 1.3e-09 0.000161355
6.31e-09 1.63e-09 0.000239435
7.94e-09 2.06e-09 0.000350454
1e-08 2.6e-09 0.000503821
1.26e-08 3.2e-09 0.000708038
1.58e-08 4.2e-09 0.000966406
2e-08 5.1e-09 0.00127121
2.51e-08 6.5e-09 0.00159603
3.16e-08 8.2e-09 0.00188988
3.98e-08 1.03e-08 0.00207975
5.01e-08 1.3e-08 0.00208969
6.31e-08 1.63e-08 0.00187846
7.94e-08 2.06e-08 0.00148018
1e-07 2.6e-08 0.00101156
1.26e-07 3.2e-08 0.000618182
1.58e-07 4.2e-08 0.000385778
2e-07 5.1e-08 0.000300312
2.51e-07 6.5e-08 0.000293218
3.16e-07 8.2e-08 0.000309746
3.98e-07 1.03e-07 0.00032844
5.01e-07 1.3e-07 0.000344998
6.31e-07 1.63e-07 0.000359135
7.94e-07 2.06e-07 0.00037107
1e-06 2.6e-07 0.00038108
1.26e-06 3.2e-07 0.00038946
1.58e-06 4.2e-07 0.000396478
2e-06 5.1e-07 0.000402382
2.51e-06 6.5e-07 0.000407381
3.16e-06 8.2e-07 0.000411654
3.98e-06 1.03e-06 0.000415345
5.01e-06 1.3e-06 0.000418572
6.31e-06 1.63e-06 0.00042143
7.94e-06 2.06e-06 0.000423994
1e-05 2.6e-06 0.000426324
1.26e-05 3.2e-06 0.000428469
1.58e-05 4.2e-06 0.000430466
2e-05 5.1e-06 0.000432347
2.51e-05 6.5e-06 0.000434138
3.16e-05 8.2e-06 0.000435859
3.98e-05 1.03e-05 0.00043753
5.01e-05 1.3e-05 0.000439168
6.31e-05 1.63e-05 0.000440787
7.94e-05 2.06e-05 0.000442402
0.0001 2.5897e-05 0.00044403
0.000125897 3.2591e-05 0.000445683
0.000158488 4.1041e-05 0.000447381
0.000199529 5.1662e-05 0.000449141
0.000251191 6.5038e-05 0.000450984
0.000316229 8.1881e-05 0.000452932
0.00039811 0.00010308 0.000455012
0.00050119 0.000129765 0.000457254
0.000630955 0.00016338 0.000459693
0.000794335 0.000205665 0.000462369
0.001 0.00025896 0.00046533
0.00125896 0.00032592 0.000468629
0.00158488 0.00041041 0.00047233
0.00199529 0.00051662 0.000476507
0.00251191 0.00065039 0.000481245
0.0031623 0.0008188 0.000486646
0.0039811 0.0010308 0.000492827
0.0050119 0.00129765 0.000499925
0.00630955 0.0016338 0.000508102
0.00794335 0.00205665 0.000517545
0.01 0.0025886 0.00052847
0.0125886 0.0032603 0.000541143
0.0158489 0.004104 0.000555858
0.0199529 0.0051663 0.000572963
0.0251192 0.0065037 0.000592865
0.0316229 0.0081881 0.000616032
0.039811 0.010308 0.000643002
0.050119 0.0129765 0.00067438
0.0630955 0.016337 0.00071085
0.0794325 0.0205675 0.000753152
0.1 0.025886 0.000802047
0.125886 0.032602 0.000858346
0.158488 0.041041 0.000922708
0.199529 0.051662 0.000995616
0.251191 0.065038 0.00107717
0.316229 0.081881 0.00116685
0.39811 0.10308 0.00126312
0.50119 0.129775 0.00136312
0.630965 0.16336 0.00146215
0.794325 0.205675 0.00155338
1 0.25886 0.00162772
1.25886 0.32603 0.00167433
1.58489 0.4104 0.00168179
1.99529 0.51662 0.00164068
2.51191 0.65039 0.00154697
3.1623 0.8188 0.00140578
3.9811 1.0308 0.00123346
5.0119 1.29765 0.00105577
6.30955 1.6338 0.000900627
7.94335 2.05665 0.00078781
10 2.5897 0.000721557
12.5897 3.2592 0.000692845
15.8489 4.1039 0.00069038
19.9528 5.1663 0.000711747
25.1191 6.5038 0.000766161
31.6229 8.1881 0.000868537
39.811 10.308 0.00102873
50.119 12.9765 0.00123977
63.0955 16.338 0.00147055
79.4335 20.5665 0.00166947
100 25.887 0.00178131
125.887 32.601 0.00176925
158.488 41.04 0.00162902
199.528 51.663 0.00138764
251.191 65.038 0.0010909
316.229 81.881 0.00079016
398.11 103.08 0.000530598
501.19 129.775 0.000337881
630.965 163.37 0.000212039
794.335 205.665 0.000136369
1000 258.86 9.17493e-05
1258.86 326.03 6.43675e-05
1584.89 410.39 4.64011e-05
1995.28 516.64 3.38919e-05
2511.92 650.38 2.48702e-05
3162.3 818.8 1.82638e-05
3981.1 1030.8 1.34041e-05
5011.9 1297.75 9.8285e-06
6309.65 1633.7 7.20068e-06
7943.35 2056.65 5.27168e-06
10000 2588.7 3.85749e-06
12588.7 3260.1 2.82092e-06
15848.8 4104 2.06218e-06
19952.8 5166.4 1.50709e-06
25119.2 6503.7 1.10115e-06
31622.9 8188.1 8.04369e-07
39811 10308 5.87478e-07
50119 12977.5 4.29003e-07
63096.5 16336 3.13251e-07
79432.5 20567.5 2.28703e-07
100000 25886 1.66971e-07
125886 32602 1.21877e-07
158488 41040 8.89593e-08
199528 51664 6.49305e-08
251192 65038 4.739e-08
316230 81880 3.45861e-08
398110 103080 2.52405e-08
501190 129775 1.84194e-08
630965 163360 1.34416e-08
794325 205675 9.80848e-09
1e+06 1.15886e+07 7.15762e-09
1.25886e+07 3.2603e+06 5.22232e-09
1.58489e+07 4.104e+06 3.81034e-09
1.99529e+07 5.1662e+06 2.78012e-09
2.51191e+07 6.5039e+06 2.0284e-09
3.1623e+07 8.188e+06 1.47989e-09
3.9811e+07 1.0308e+07 1.07967e-09
5.0119e+07 1.29765e+07 7.87666e-10
