1e-09 2.6e-10 6.96351e-06
1.26e-09 3.2e-10 1.07097e-05
1.58e-09 4.2e-10 1.64687e-05
2e-09 5.1e-10 2.52882e-05
2.51e-09 6.5e-10 3.87252e-05
3.16e-09 8.2e-10 5.90515e-05
3.98e-09 1.03e-09 8.95027e-05
5.01e-09 1.3e-09 0.000134546
6.31e-09 1.63e-09 0.000200056
7.94e-09 2.06e-09 0.000293296
1e-08 2.6e-09 0.000422189
1.26e-08 3.2e-09 0.000593882
1.58e-08 4.2e-09 0.000811099
2e-08 5.1e-09 0.00106721
2.51e-08 6.5e-09 0.00133974
3.16e-08 8.2e-09 0.00158536
3.98e-08 1.03e-08 0.00174209
5.01e-08 1.3e-08 0.00174548
6.31e-08 1.63e-08 0.00156063
7.94e-08 2.06e-08 0.00121656
1e-07 2.6e-08 0.000812452
1.26e-07 3.2e-08 0.000471996
1.58e-07 4.2e-08 0.000268152
2e-07 5.1e-08 0.000189229
2.51e-07 6.5e-08 0.000177243
3.16e-07 8.2e-08 0.000185869
3.98e-07 1.03e-07 0.000196966
5.01e-07 1.3e-07 0.000206892
6.31e-07 1.63e-07 0.00021537
7.94e-07 2.06e-07 0.000222527
1e-06 2.6e-07 0.00022853
1.26e-06 3.2e-07 0.000233556
1.58e-06 4.2e-07 0.000237765
2e-06 5.1e-07 0.000241306
2.51e-06 6.5e-07 0.000244304
3.16e-06 8.2e-07 0.000246867
3.98e-06 1.03e-06 0.000249081
5.01e-06 1.3e-06 0.000251018
6.31e-06 1.63e-06 0.000252732
7.94e-06 2.06e-06 0.000254271
1e-05 2.6e-06 0.00025567
1.26e-05 3.2e-06 0.000256958
1.58e-05 4.2e-06 0.000258158
2e-05 5.1e-06 0.000259289
2.51e-05 6.5e-06 0.000260366
3.16e-05 8.2e-06 0.000261403
3.98e-05 1.03e-05 0.00026241
5.01e-05 1.3e-05 0.000263398
6.31e-05 1.63e-05 0.000264376
7.94e-05 2.06e-05 0.000265353
0.0001 2.5897e-05 0.00026634
0.000125897 3.2591e-05 0.000267344
0.000158488 4.1041e-05 0.000268378
0.000199529 5.1662e-05 0.000269452
0.000251191 6.5038e-05 0.00027058
0.000316229 8.1881e-05 0.000271776
0.00039811 0.00010308 0.000273056
0.00050119 0.000129765 0.000274441
0.000630955 0.00016338 0.000275953
0.000794335 0.000205665 0.000277618
0.001 0.00025896 0.000279466
0.00125896 0.00032592 0.000281532
0.00158488 0.00041041 0.000283859
0.00199529 0.00051662 0.000286495
0.00251191 0.00065039 0.000289497
0.0031623 0.0008188 0.000292932
0.0039811 0.0010308 0.00029688
0.0050119 0.00129765 0.000301432
0.00630955 0.0016338 0.000306701
0.00794335 0.00205665 0.000312815
0.01 0.0025886 0.000319927
0.0125886 0.0032603 0.000328225
0.0158489 0.004104 0.000337921
0.0199529 0.0051663 0.000349273
0.0251192 0.0065037 0.000362587
0.0316229 0.0081881 0.000378228
0.039811 0.010308 0.000396623
0.050119 0.0129765 0.000418278
0.0630955 0.016337 0.000443786
0.0794325 0.0205675 0.000473832
0.1 0.025886 0.000509177
0.125886 0.032602 0.000550703
0.158488 0.041041 0.000599284
0.199529 0.051662 0.000655788
0.251191 0.065038 0.000720931
0.316229 0.081881 0.000795077
0.39811 0.10308 0.000877929
0.50119 0.129775 0.000968136
0.630965 0.16336 0.00106277
0.794325 0.205675 0.00115686
1 0.25886 0.00124293
1.25886 0.32603 0.00131124
1.58489 0.4104 0.00135042
1.99529 0.51662 0.00134973
2.51191 0.65039 0.00130236
3.1623 0.8188 0.00120933
3.9811 1.0308 0.00108239
5.0119 1.29765 0.00094331
6.30955 1.6338 0.000817775
7.94335 2.05665 0.000725611
10 2.5897 0.000672938
12.5897 3.2592 0.000653196
15.8489 4.1039 0.000656969
19.9528 5.1663 0.000682724
25.1191 6.5038 0.000739919
31.6229 8.1881 0.000843615
39.811 10.308 0.00100406
50.119 12.9765 0.00121496
63.0955 16.338 0.00144605
79.4335 20.5665 0.00164633
100 25.887 0.00176079
125.887 32.601 0.00175233
158.488 41.04 0.0016161
199.528 51.663 0.00137852
251.191 65.038 0.00108496
316.229 81.881 0.000786597
398.11 103.08 0.000528618
501.19 129.775 0.000336837
630.965 163.37 0.000211497
794.335 205.665 0.000136081
1000 258.86 9.15889e-05
1258.86 326.03 6.42745e-05
1584.89 410.39 4.63456e-05
1995.28 516.64 3.38584e-05
2511.92 650.38 2.48499e-05
3162.3 818.8 1.82514e-05
3981.1 1030.8 1.33966e-05
5011.9 1297.75 9.82397e-06
6309.65 1633.7 7.19794e-06
7943.35 2056.65 5.27002e-06
10000 2588.7 3.85649e-06
12588.7 3260.1 2.82031e-06
15848.8 4104 2.06182e-06
19952.8 5166.4 1.50687e-06
25119.2 6503.7 1.10101e-06
31622.9 8188.1 8.04288e-07
39811 10308 5.87429e-07
50119 12977.5 4.28974e-07
63096.5 16336 3.13234e-07
79432.5 20567.5 2.28692e-07
100000 25886 1.66965e-07
125886 32602 1.21873e-07
158488 41040 8.8957e-08
199528 51664 6.49291e-08
251192 65038 4.73891e-08
316230 81880 3.45855e-08
398110 103080 2.52402e-08
501190 129775 1.84192e-08
630965 163360 1.34415e-08
794325 205675 9.80841e-09
1e+06 1.15886e+07 7.15758e-09
1.25886e+07 3.2603e+06 5.2223e-09
1.58489e+07 4.104e+06 3.81032e-09
1.99529e+07 5.1662e+06 2.78011e-09
2.51191e+07 6.5039e+06 2.02839e-09
3.1623e+07 8.188e+06 1.47988e-09
3.9811e+07 1.0308e+07 1.07967e-09
5.0119e+07 1.29765e+07 7.87664e-10
