1e-09 2.6e-10 5.28135e-06
1.26e-09 3.2e-10 8.12855e-06
1.58e-09 4.2e-10 1.25076e-05
2e-09 5.1e-10 1.92163e-05
2.51e-09 6.5e-10 2.94407e-05
3.16e-09 8.2e-10 4.49114e-05
3.98e-09 1.03e-09 6.80934e-05
5.01e-09 1.3e-09 0.00010239
6.31e-09 1.63e-09 0.000152279
7.94e-09 2.06e-09 0.000223291
1e-08 2.6e-09 0.000321465
1.26e-08 3.2e-09 0.000452244
1.58e-08 4.2e-09 0.000617699
2e-08 5.1e-09 0.00081277
2.51e-08 6.5e-09 0.0010203
3.16e-08 8.2e-09 0.00120727
3.98e-08 1.03e-08 0.0013264
5.01e-08 1.3e-08 0.00132855
6.31e-08 1.63e-08 0.00118712
7.94e-08 2.06e-08 0.000924237
1e-07 2.6e-08 0.000615548
1.26e-07 3.2e-08 0.000355375
1.58e-07 4.2e-08 0.000199368
2e-07 5.1e-08 0.000138631
2.51e-07 6.5e-08 0.000128969
3.16e-07 8.2e-08 0.000135072
3.98e-07 1.03e-07 0.000143113
5.01e-07 1.3e-07 0.000150314
6.31e-07 1.63e-07 0.000156464
7.94e-07 2.06e-07 0.000161654
1e-06 2.6e-07 0.000166003
1.26e-06 3.2e-07 0.000169643
1.58e-06 4.2e-07 0.00017269
2e-06 5.1e-07 0.00017525
2.51e-06 6.5e-07 0.000177416
3.16e-06 8.2e-07 0.000179266
3.98e-06 1.03e-06 0.000180862
5.01e-06 1.3e-06 0.000182257
6.31e-06 1.63e-06 0.00018349
7.94e-06 2.06e-06 0.000184595
1e-05 2.6e-06 0.000185599
1.26e-05 3.2e-06 0.000186522
1.58e-05 4.2e-06 0.000187382
2e-05 5.1e-06 0.00018819
2.51e-05 6.5e-06 0.00018896
3.16e-05 8.2e-06 0.000189701
3.98e-05 1.03e-05 0.000190419
5.01e-05 1.3e-05 0.000191124
6.31e-05 1.63e-05 0.000191822
7.94e-05 2.06e-05 0.000192519
0.0001 2.5897e-05 0.000193223
0.000125897 3.2591e-05 0.00019394
0.000158488 4.1041e-05 0.000194678
0.000199529 5.1662e-05 0.000195445
0.000251191 6.5038e-05 0.000196251
0.000316229 8.1881e-05 0.000197107
0.00039811 0.00010308 0.000198024
0.00050119 0.000129765 0.000199016
0.000630955 0.00016338 0.000200101
0.000794335 0.000205665 0.000201297
0.001 0.00025896 0.000202626
0.00125896 0.00032592 0.000204113
0.00158488 0.00041041 0.000205789
0.00199529 0.00051662 0.000207689
0.00251191 0.00065039 0.000209854
0.0031623 0.0008188 0.000212333
0.0039811 0.0010308 0.000215184
0.0050119 0.00129765 0.000218474
0.00630955 0.0016338 0.000222283
0.00794335 0.00205665 0.000226704
0.01 0.0025886 0.00023185
0.0125886 0.0032603 0.000237855
0.0158489 0.004104 0.000244876
0.0199529 0.0051663 0.000253099
0.0251192 0.0065037 0.00026275
0.0316229 0.0081881 0.000274094
0.039811 0.010308 0.000287448
0.050119 0.0129765 0.000303187
0.0630955 0.016337 0.000321755
0.0794325 0.0205675 0.000343669
0.1 0.025886 0.000369516
0.125886 0.032602 0.000399988
0.158488 0.041041 0.000435794
0.199529 0.051662 0.000477674
0.251191 0.065038 0.000526305
0.316229 0.081881 0.000582156
0.39811 0.10308 0.000645269
0.50119 0.129775 0.000714957
0.630965 0.16336 0.000789374
0.794325 0.205675 0.000865102
1 0.25886 0.000936687
1.25886 0.32603 0.000996675
1.58489 0.4104 0.00103596
1.99529 0.51662 0.00104544
2.51191 0.65039 0.00101863
3.1623 0.8188 0.000954981
3.9811 1.0308 0.000862616
5.0119 1.29765 0.000758188
6.30955 1.6338 0.000662318
7.94335 2.05665 0.000591594
10 2.5897 0.000551793
12.5897 3.2592 0.000538237
15.8489 4.1039 0.00054365
19.9528 5.1663 0.000567137
25.1191 6.5038 0.000616989
31.6229 8.1881 0.000706284
39.811 10.308 0.000844067
50.119 12.9765 0.00102525
63.0955 16.338 0.00122408
79.4335 20.5665 0.00139686
100 25.887 0.0014963
125.887 32.601 0.00149044
158.488 41.04 0.00137505
199.528 51.663 0.00117266
251.191 65.038 0.000921946
316.229 81.881 0.000666709
398.11 103.08 0.000446006
501.19 129.775 0.000282336
630.965 163.37 0.000175918
794.335 205.665 0.000112382
1000 258.86 7.52613e-05
1258.86 326.03 5.26935e-05
1584.89 410.39 3.79858e-05
1995.28 516.64 2.77783e-05
2511.92 650.38 2.04199e-05
3162.3 818.8 1.50256e-05
3981.1 1030.8 1.10507e-05
5011.9 1297.75 8.12029e-06
6309.65 1633.7 5.96207e-06
7943.35 2056.65 4.3744e-06
10000 2588.7 3.20792e-06
12588.7 3260.1 2.35105e-06
15848.8 4104 1.72248e-06
19952.8 5166.4 1.26161e-06
25119.2 6503.7 9.23819e-07
31622.9 8188.1 6.76328e-07
39811 10308 4.95057e-07
50119 12977.5 3.62316e-07
63096.5 16336 2.65145e-07
79432.5 20567.5 1.94011e-07
100000 25886 1.41959e-07
125886 32602 1.03851e-07
158488 41040 7.59709e-08
199528 51664 5.55742e-08
251192 65038 4.06518e-08
316230 81880 2.97348e-08
398110 103080 2.17487e-08
501190 129775 1.59068e-08
630965 163360 1.1634e-08
794325 205675 8.50854e-09
1e+06 1.15886e+07 6.22295e-09
1.25886e+07 3.2603e+06 4.55058e-09
1.58489e+07 4.104e+06 3.32769e-09
1.99529e+07 5.1662e+06 2.43343e-09
2.51191e+07 6.5039e+06 1.77945e-09
3.1623e+07 8.188e+06 1.30119e-09
3.9811e+07 1.0308e+07 9.51447e-10
5.0119e+07 1.29765e+07 6.95687e-10
