1e-09 2.6e-10 8.3858e-06
1.26e-09 3.2e-10 1.28371e-05
1.58e-09 4.2e-10 1.96607e-05
2e-09 5.1e-10 3.00848e-05
2.51e-09 6.5e-10 4.59342e-05
3.16e-09 8.2e-10 6.98685e-05
3.98e-09 1.03e-09 0.000105674
5.01e-09 1.3e-09 0.000158576
6.31e-09 1.63e-09 0.000235447
7.94e-09 2.06e-09 0.000344778
1e-08 2.6e-09 0.000495842
1.26e-08 3.2e-09 0.000697014
1.58e-08 4.2e-09 0.000951529
2e-08 5.1e-09 0.00125174
2.51e-08 6.5e-09 0.00157152
3.16e-08 8.2e-09 0.00186052
3.98e-08 1.03e-08 0.00204658
5.01e-08 1.3e-08 0.00205471
6.31e-08 1.63e-08 0.00184419
7.94e-08 2.06e-08 0.00144875
1e-07 2.6e-08 0.000983725
1.26e-07 3.2e-08 0.000592944
1.58e-07 4.2e-08 0.000361168
2e-07 5.1e-08 0.000274603
2.51e-07 6.5e-08 0.000265594
3.16e-07 8.2e-08 0.000280107
3.98e-07 1.03e-07 0.000296972
5.01e-07 1.3e-07 0.000311942
6.31e-07 1.63e-07 0.000324725
7.94e-07 2.06e-07 0.000335517
1e-06 2.6e-07 0.000344567
1.26e-06 3.2e-07 0.000352144
1.58e-06 4.2e-07 0.00035849
2e-06 5.1e-07 0.000363828
2.51e-06 6.5e-07 0.000368349
3.16e-06 8.2e-07 0.000372213
3.98e-06 1.03e-06 0.00037555
5.01e-06 1.3e-06 0.000378469
6.31e-06 1.63e-06 0.000381053
7.94e-06 2.06e-06 0.000383372
1e-05 2.6e-06 0.000385479
1.26e-05 3.2e-06 0.000387419
1.58e-05 4.2e-06 0.000389226
2e-05 5.1e-06 0.000390928
2.51e-05 6.5e-06 0.000392549
3.16e-05 8.2e-06 0.000394107
3.98e-05 1.03e-05 0.00039562
5.01e-05 1.3e-05 0.000397103
6.31e-05 1.63e-05 0.00039857
7.94e-05 2.06e-05 0.000400035
0.0001 2.5897e-05 0.000401511
0.000125897 3.2591e-05 0.000403012
0.000158488 4.1041e-05 0.000404554
0.000199529 5.1662e-05 0.000406154
0.000251191 6.5038e-05 0.00040783
0.000316229 8.1881e-05 0.000409603
0.00039811 0.00010308 0.000411499
0.00050119 0.000129765 0.000413544
0.000630955 0.00016338 0.000415772
0.000794335 0.000205665 0.000418218
0.001 0.00025896 0.000420928
0.00125896 0.00032592 0.00042395
0.00158488 0.00041041 0.000427345
0.00199529 0.00051662 0.000431181
0.00251191 0.00065039 0.000435538
0.0031623 0.0008188 0.00044051
0.0039811 0.0010308 0.000446208
0.0050119 0.00129765 0.00045276
0.00630955 0.0016338 0.000460318
0.00794335 0.00205665 0.00046906
0.01 0.0025886 0.00047919
0.0125886 0.0032603 0.000490963
0.0158489 0.004104 0.000504657
0.0199529 0.0051663 0.000520609
0.0251192 0.0065037 0.000539213
0.0316229 0.0081881 0.000560923
0.039811 0.010308 0.000586268
0.050119 0.0129765 0.000615849
0.0630955 0.016337 0.000650349
0.0794325 0.0205675 0.000690521
0.1 0.025886 0.000737154
0.125886 0.032602 0.000791103
0.158488 0.041041 0.000853104
0.199529 0.051662 0.000923745
0.251191 0.065038 0.00100328
0.316229 0.081881 0.00109135
0.39811 0.10308 0.00118667
0.50119 0.129775 0.0012866
0.630965 0.16336 0.00138672
0.794325 0.205675 0.00148042
1 0.25886 0.00155875
1.25886 0.32603 0.00161091
1.58489 0.4104 0.00162535
1.99529 0.51662 0.00159229
2.51191 0.65039 0.0015072
3.1623 0.8188 0.0013745
3.9811 1.0308 0.00120986
5.0119 1.29765 0.00103849
6.30955 1.6338 0.000888091
7.94335 2.05665 0.000778522
10 2.5897 0.000714381
12.5897 3.2592 0.000687051
15.8489 4.1039 0.000685539
19.9528 5.1663 0.000707573
25.1191 6.5038 0.000762411
31.6229 8.1881 0.000864994
39.811 10.308 0.00102524
50.119 12.9765 0.00123627
63.0955 16.338 0.00146711
79.4335 20.5665 0.00166622
100 25.887 0.00177844
125.887 32.601 0.00176689
158.488 41.04 0.00162722
199.528 51.663 0.00138637
251.191 65.038 0.00109007
316.229 81.881 0.000789665
398.11 103.08 0.000530323
501.19 129.775 0.000337736
630.965 163.37 0.000211964
794.335 205.665 0.000136329
1000 258.86 9.17271e-05
1258.86 326.03 6.43547e-05
1584.89 410.39 4.63934e-05
1995.28 516.64 3.38873e-05
2511.92 650.38 2.48674e-05
3162.3 818.8 1.82621e-05
3981.1 1030.8 1.34031e-05
5011.9 1297.75 9.82788e-06
6309.65 1633.7 7.2003e-06
7943.35 2056.65 5.27145e-06
10000 2588.7 3.85735e-06
12588.7 3260.1 2.82084e-06
15848.8 4104 2.06213e-06
19952.8 5166.4 1.50706e-06
25119.2 6503.7 1.10113e-06
31622.9 8188.1 8.04358e-07
39811 10308 5.87471e-07
50119 12977.5 4.28999e-07
63096.5 16336 3.13249e-07
79432.5 20567.5 2.28701e-07
100000 25886 1.66971e-07
125886 32602 1.21876e-07
158488 41040 8.8959e-08
199528 51664 6.49303e-08
251192 65038 4.73899e-08
316230 81880 3.4586e-08
398110 103080 2.52405e-08
501190 129775 1.84194e-08
630965 163360 1.34416e-08
794325 205675 9.80847e-09
1e+06 1.15886e+07 7.15762e-09
1.25886e+07 3.2603e+06 5.22232e-09
1.58489e+07 4.104e+06 3.81033e-09
1.99529e+07 5.1662e+06 2.78011e-09
2.51191e+07 6.5039e+06 2.0284e-09
3.1623e+07 8.188e+06 1.47989e-09
3.9811e+07 1.0308e+07 1.07967e-09
5.0119e+07 1.29765e+07 7.87665e-10
