1e-09 2.6e-10 5.80353e-06
1.26e-09 3.2e-10 8.92833e-06
1.58e-09 4.2e-10 1.37331e-05
2e-09 5.1e-10 2.10922e-05
2.51e-09 6.5e-10 3.23058e-05
3.16e-09 8.2e-10 4.92707e-05
3.98e-09 1.03e-09 7.46884e-05
5.01e-09 1.3e-09 0.000112289
6.31e-09 1.63e-09 0.000166978
7.94e-09 2.06e-09 0.000244819
1e-08 2.6e-09 0.000352429
1.26e-08 3.2e-09 0.000495773
1.58e-08 4.2e-09 0.000677126
2e-08 5.1e-09 0.000890948
2.51e-08 6.5e-09 0.00111845
3.16e-08 8.2e-09 0.00132346
3.98e-08 1.03e-08 0.00145419
5.01e-08 1.3e-08 0.00145682
6.31e-08 1.63e-08 0.00130219
7.94e-08 2.06e-08 0.00101455
1e-07 2.6e-08 0.000676755
1.26e-07 3.2e-08 0.00039211
1.58e-07 4.2e-08 0.000221571
2e-07 5.1e-08 0.000155382
2.51e-07 6.5e-08 0.000145118
3.16e-07 8.2e-08 0.000152093
3.98e-07 1.03e-07 0.000161156
5.01e-07 1.3e-07 0.000169266
6.31e-07 1.63e-07 0.000176191
7.94e-07 2.06e-07 0.000182035
1e-06 2.6e-07 0.000186933
1.26e-06 3.2e-07 0.000191032
1.58e-06 4.2e-07 0.000194463
2e-06 5.1e-07 0.000197346
2.51e-06 6.5e-07 0.000199785
3.16e-06 8.2e-07 0.000201868
3.98e-06 1.03e-06 0.000203666
5.01e-06 1.3e-06 0.000205236
6.31e-06 1.63e-06 0.000206625
7.94e-06 2.06e-06 0.000207869
1e-05 2.6e-06 0.000208999
1.26e-05 3.2e-06 0.000210039
1.58e-05 4.2e-06 0.000211007
2e-05 5.1e-06 0.000211917
2.51e-05 6.5e-06 0.000212784
3.16e-05 8.2e-06 0.000213618
3.98e-05 1.03e-05 0.000214427
5.01e-05 1.3e-05 0.000215221
6.31e-05 1.63e-05 0.000216006
7.94e-05 2.06e-05 0.000216792
0.0001 2.5897e-05 0.000217584
0.000125897 3.2591e-05 0.000218391
0.000158488 4.1041e-05 0.000219222
0.000199529 5.1662e-05 0.000220086
0.000251191 6.5038e-05 0.000220994
0.000316229 8.1881e-05 0.000221957
0.00039811 0.00010308 0.00022299
0.00050119 0.000129765 0.000224108
0.000630955 0.00016338 0.00022533
0.000794335 0.000205665 0.000226676
0.001 0.00025896 0.000228173
0.00125896 0.00032592 0.000229848
0.00158488 0.00041041 0.000231737
0.00199529 0.00051662 0.000233878
0.00251191 0.00065039 0.000236318
0.0031623 0.0008188 0.000239113
0.0039811 0.0010308 0.000242327
0.0050119 0.00129765 0.000246036
0.00630955 0.0016338 0.000250331
0.00794335 0.00205665 0.000255317
0.01 0.0025886 0.00026112
0.0125886 0.0032603 0.000267894
0.0158489 0.004104 0.000275814
0.0199529 0.0051663 0.00028509
0.0251192 0.0065037 0.000295976
0.0316229 0.0081881 0.000308769
0.039811 0.010308 0.000323824
0.050119 0.0129765 0.000341559
0.0630955 0.016337 0.000362466
0.0794325 0.0205675 0.000387114
0.1 0.025886 0.000416142
0.125886 0.032602 0.000450292
0.158488 0.041041 0.000490311
0.199529 0.051662 0.00053695
0.251191 0.065038 0.000590851
0.316229 0.081881 0.000652384
0.39811 0.10308 0.00072139
0.50119 0.129775 0.000796854
0.630965 0.16336 0.000876453
0.794325 0.205675 0.000956154
1 0.25886 0.00102979
1.25886 0.32603 0.00108922
1.58489 0.4104 0.00112481
1.99529 0.51662 0.00112734
2.51191 0.65039 0.00109071
3.1623 0.8188 0.00101538
3.9811 1.0308 0.000910889
5.0119 1.29765 0.00079539
6.30955 1.6338 0.000690575
7.94335 2.05665 0.000613379
10 2.5897 0.000569217
12.5897 3.2592 0.000552728
15.8489 4.1039 0.000556069
19.9528 5.1663 0.000578083
25.1191 6.5038 0.000627013
31.6229 8.1881 0.000715916
39.811 10.308 0.000853702
50.119 12.9765 0.00103503
63.0955 16.338 0.00123381
79.4335 20.5665 0.00140611
100 25.887 0.00150454
125.887 32.601 0.00149726
158.488 41.04 0.00138027
199.528 51.663 0.00117635
251.191 65.038 0.000924351
316.229 81.881 0.000668149
398.11 103.08 0.000446804
501.19 129.775 0.000282754
630.965 163.37 0.000176133
794.335 205.665 0.000112496
1000 258.86 7.53245e-05
1258.86 326.03 5.27301e-05
1584.89 410.39 3.80076e-05
1995.28 516.64 2.77915e-05
2511.92 650.38 2.04279e-05
3162.3 818.8 1.50305e-05
3981.1 1030.8 1.10537e-05
5011.9 1297.75 8.12209e-06
6309.65 1633.7 5.96317e-06
7943.35 2056.65 4.37506e-06
10000 2588.7 3.20832e-06
12588.7 3260.1 2.35129e-06
15848.8 4104 1.72263e-06
19952.8 5166.4 1.26169e-06
25119.2 6503.7 9.23873e-07
31622.9 8188.1 6.76361e-07
39811 10308 4.95077e-07
50119 12977.5 3.62328e-07
63096.5 16336 2.65152e-07
79432.5 20567.5 1.94015e-07
100000 25886 1.41962e-07
125886 32602 1.03852e-07
158488 41040 7.59719e-08
199528 51664 5.55748e-08
251192 65038 4.06522e-08
316230 81880 2.9735e-08
398110 103080 2.17489e-08
501190 129775 1.59068e-08
630965 163360 1.16341e-08
794325 205675 8.50857e-09
1e+06 1.15886e+07 6.22297e-09
1.25886e+07 3.2603e+06 4.55059e-09
1.58489e+07 4.104e+06 3.32769e-09
1.99529e+07 5.1662e+06 2.43343e-09
2.51191e+07 6.5039e+06 1.77946e-09
3.1623e+07 8.188e+06 1.30119e-09
3.9811e+07 1.0308e+07 9.51448e-10
5.0119e+07 1.29765e+07 6.95687e-10
