1e-09 2.6e-10 5.62999e-06
1.26e-09 3.2e-10 8.66306e-06
1.58e-09 4.2e-10 1.33273e-05
2e-09 5.1e-10 2.0472e-05
2.51e-09 6.5e-10 3.13598e-05
3.16e-09 8.2e-10 4.78329e-05
3.98e-09 1.03e-09 7.25152e-05
5.01e-09 1.3e-09 0.000109029
6.31e-09 1.63e-09 0.000162141
7.94e-09 2.06e-09 0.000237739
1e-08 2.6e-09 0.000342249
1.26e-08 3.2e-09 0.000481467
1.58e-08 4.2e-09 0.000657598
2e-08 5.1e-09 0.000865261
2.51e-08 6.5e-09 0.0010862
3.16e-08 8.2e-09 0.00128527
3.98e-08 1.03e-08 0.00141217
5.01e-08 1.3e-08 0.00141461
6.31e-08 1.63e-08 0.00126426
7.94e-08 2.06e-08 0.000984682
1e-07 2.6e-08 0.000656367
1.26e-07 3.2e-08 0.000379686
1.58e-07 4.2e-08 0.000213856
2e-07 5.1e-08 0.000149405
2.51e-07 6.5e-08 0.000139293
3.16e-07 8.2e-08 0.000145942
3.98e-07 1.03e-07 0.000154635
5.01e-07 1.3e-07 0.000162416
6.31e-07 1.63e-07 0.000169061
7.94e-07 2.06e-07 0.000174668
1e-06 2.6e-07 0.000179368
1.26e-06 3.2e-07 0.000183301
1.58e-06 4.2e-07 0.000186593
2e-06 5.1e-07 0.000189359
2.51e-06 6.5e-07 0.0001917
3.16e-06 8.2e-07 0.000193699
3.98e-06 1.03e-06 0.000195424
5.01e-06 1.3e-06 0.00019693
6.31e-06 1.63e-06 0.000198263
7.94e-06 2.06e-06 0.000199457
1e-05 2.6e-06 0.000200542
1.26e-05 3.2e-06 0.000201539
1.58e-05 4.2e-06 0.000202468
2e-05 5.1e-06 0.000203342
2.51e-05 6.5e-06 0.000204173
3.16e-05 8.2e-06 0.000204973
3.98e-05 1.03e-05 0.00020575
5.01e-05 1.3e-05 0.000206512
6.31e-05 1.63e-05 0.000207265
7.94e-05 2.06e-05 0.000208019
0.0001 2.5897e-05 0.000208779
0.000125897 3.2591e-05 0.000209554
0.000158488 4.1041e-05 0.000210351
0.000199529 5.1662e-05 0.00021118
0.000251191 6.5038e-05 0.000212052
0.000316229 8.1881e-05 0.000212976
0.00039811 0.00010308 0.000213967
0.00050119 0.000129765 0.00021504
0.000630955 0.00016338 0.000216213
0.000794335 0.000205665 0.000217506
0.001 0.00025896 0.000218942
0.00125896 0.00032592 0.00022055
0.00158488 0.00041041 0.000222363
0.00199529 0.00051662 0.000224418
0.00251191 0.00065039 0.00022676
0.0031623 0.0008188 0.000229442
0.0039811 0.0010308 0.000232527
0.0050119 0.00129765 0.000236087
0.00630955 0.0016338 0.000240209
0.00794335 0.00205665 0.000244995
0.01 0.0025886 0.000250565
0.0125886 0.0032603 0.000257067
0.0158489 0.004104 0.000264669
0.0199529 0.0051663 0.000273574
0.0251192 0.0065037 0.000284025
0.0316229 0.0081881 0.000296309
0.039811 0.010308 0.000310768
0.050119 0.0129765 0.000327806
0.0630955 0.016337 0.000347899
0.0794325 0.0205675 0.0003716
0.1 0.025886 0.00039953
0.125886 0.032602 0.000432418
0.158488 0.041041 0.000471
0.199529 0.051662 0.000516029
0.251191 0.065038 0.000568163
0.316229 0.081881 0.000627813
0.39811 0.10308 0.000694894
0.50119 0.129775 0.000768507
0.630965 0.16336 0.000846497
0.794325 0.205675 0.000925036
1 0.25886 0.00099819
1.25886 0.32603 0.00105803
1.58489 0.4104 0.00109508
1.99529 0.51662 0.00110012
2.51191 0.65039 0.00106692
3.1623 0.8188 0.000995574
3.9811 1.0308 0.000895157
5.0119 1.29765 0.000783335
6.30955 1.6338 0.000681465
7.94335 2.05665 0.000606388
10 2.5897 0.000563649
12.5897 3.2592 0.000548113
15.8489 4.1039 0.000552127
19.9528 5.1663 0.000574618
25.1191 6.5038 0.000623847
31.6229 8.1881 0.000712879
39.811 10.308 0.00085067
50.119 12.9765 0.00103196
63.0955 16.338 0.00123076
79.4335 20.5665 0.00140321
100 25.887 0.00150196
125.887 32.601 0.00149513
158.488 41.04 0.00137864
199.528 51.663 0.0011752
251.191 65.038 0.000923599
316.229 81.881 0.000667699
398.11 103.08 0.000446555
501.19 129.775 0.000282623
630.965 163.37 0.000176066
794.335 205.665 0.00011246
1000 258.86 7.53048e-05
1258.86 326.03 5.27186e-05
1584.89 410.39 3.80008e-05
1995.28 516.64 2.77874e-05
2511.92 650.38 2.04254e-05
3162.3 818.8 1.5029e-05
3981.1 1030.8 1.10528e-05
5011.9 1297.75 8.12153e-06
6309.65 1633.7 5.96282e-06
7943.35 2056.65 4.37485e-06
10000 2588.7 3.2082e-06
12588.7 3260.1 2.35122e-06
15848.8 4104 1.72258e-06
19952.8 5166.4 1.26167e-06
25119.2 6503.7 9.23856e-07
31622.9 8188.1 6.7635e-07
39811 10308 4.9507e-07
50119 12977.5 3.62324e-07
63096.5 16336 2.6515e-07
79432.5 20567.5 1.94014e-07
100000 25886 1.41961e-07
125886 32602 1.03852e-07
158488 41040 7.59716e-08
199528 51664 5.55746e-08
251192 65038 4.06521e-08
316230 81880 2.9735e-08
398110 103080 2.17488e-08
501190 129775 1.59068e-08
630965 163360 1.16341e-08
794325 205675 8.50856e-09
1e+06 1.15886e+07 6.22296e-09
1.25886e+07 3.2603e+06 4.55058e-09
1.58489e+07 4.104e+06 3.32769e-09
1.99529e+07 5.1662e+06 2.43343e-09
2.51191e+07 6.5039e+06 1.77946e-09
3.1623e+07 8.188e+06 1.30119e-09
3.9811e+07 1.0308e+07 9.51448e-10
5.0119e+07 1.29765e+07 6.95687e-10
