1e-09 2.6e-10 6.14868e-06
1.26e-09 3.2e-10 9.45391e-06
1.58e-09 4.2e-10 1.45343e-05
2e-09 5.1e-10 2.23134e-05
2.51e-09 6.5e-10 3.4164e-05
3.16e-09 8.2e-10 5.20888e-05
3.98e-09 1.03e-09 7.89401e-05
5.01e-09 1.3e-09 0.000118656
6.31e-09 1.63e-09 0.000176415
7.94e-09 2.06e-09 0.00025862
1e-08 2.6e-09 0.000372255
1.26e-08 3.2e-09 0.000523621
1.58e-08 4.2e-09 0.000715121
2e-08 5.1e-09 0.000940919
2.51e-08 6.5e-09 0.0011812
3.16e-08 8.2e-09 0.00139778
3.98e-08 1.03e-08 0.00153605
5.01e-08 1.3e-08 0.0015392
6.31e-08 1.63e-08 0.00137646
7.94e-08 2.06e-08 0.00107342
1e-07 2.6e-08 0.00071748
1.26e-07 3.2e-08 0.000417638
1.58e-07 4.2e-08 0.000238191
2e-07 5.1e-08 0.000168828
2.51e-07 6.5e-08 0.000158442
3.16e-07 8.2e-08 0.000166203
3.98e-07 1.03e-07 0.00017612
5.01e-07 1.3e-07 0.000184983
6.31e-07 1.63e-07 0.000192551
7.94e-07 2.06e-07 0.000198937
1e-06 2.6e-07 0.000204291
1.26e-06 3.2e-07 0.00020877
1.58e-06 4.2e-07 0.000212519
2e-06 5.1e-07 0.00021567
2.51e-06 6.5e-07 0.000218336
3.16e-06 8.2e-07 0.000220612
3.98e-06 1.03e-06 0.000222576
5.01e-06 1.3e-06 0.000224292
6.31e-06 1.63e-06 0.00022581
7.94e-06 2.06e-06 0.00022717
1e-05 2.6e-06 0.000228405
1.26e-05 3.2e-06 0.000229541
1.58e-05 4.2e-06 0.000230598
2e-05 5.1e-06 0.000231594
2.51e-05 6.5e-06 0.000232541
3.16e-05 8.2e-06 0.000233451
3.98e-05 1.03e-05 0.000234336
5.01e-05 1.3e-05 0.000235203
6.31e-05 1.63e-05 0.000236061
7.94e-05 2.06e-05 0.000236919
0.0001 2.5897e-05 0.000237784
0.000125897 3.2591e-05 0.000238665
0.000158488 4.1041e-05 0.000239573
0.000199529 5.1662e-05 0.000240516
0.000251191 6.5038e-05 0.000241507
0.000316229 8.1881e-05 0.000242558
0.00039811 0.00010308 0.000243685
0.00050119 0.000129765 0.000244905
0.000630955 0.00016338 0.000246238
0.000794335 0.000205665 0.000247707
0.001 0.00025896 0.00024934
0.00125896 0.00032592 0.000251167
0.00158488 0.00041041 0.000253226
0.00199529 0.00051662 0.00025556
0.00251191 0.00065039 0.00025822
0.0031623 0.0008188 0.000261267
0.0039811 0.0010308 0.000264769
0.0050119 0.00129765 0.00026881
0.00630955 0.0016338 0.000273489
0.00794335 0.00205665 0.00027892
0.01 0.0025886 0.000285239
0.0125886 0.0032603 0.000292613
0.0158489 0.004104 0.000301232
0.0199529 0.0051663 0.000311323
0.0251192 0.0065037 0.000323157
0.0316229 0.0081881 0.000337058
0.039811 0.010308 0.000353404
0.050119 0.0129765 0.000372641
0.0630955 0.016337 0.000395291
0.0794325 0.0205675 0.000421955
0.1 0.025886 0.000453297
0.125886 0.032602 0.000490085
0.158488 0.041041 0.000533072
0.199529 0.051662 0.000582993
0.251191 0.065038 0.00064044
0.316229 0.081881 0.000705677
0.39811 0.10308 0.000778373
0.50119 0.129775 0.000857255
0.630965 0.16336 0.000939659
0.794325 0.205675 0.00102114
1 0.25886 0.00109509
1.25886 0.32603 0.00115298
1.58489 0.4104 0.00118495
1.99529 0.51662 0.00118181
2.51191 0.65039 0.00113785
3.1623 0.8188 0.00105426
3.9811 1.0308 0.000941508
5.0119 1.29765 0.000818669
6.30955 1.6338 0.000708043
7.94335 2.05665 0.000626699
10 2.5897 0.000579768
12.5897 3.2592 0.00056143
15.8489 4.1039 0.000563472
19.9528 5.1663 0.000584567
25.1191 6.5038 0.00063292
31.6229 8.1881 0.000721565
39.811 10.308 0.000859333
50.119 12.9765 0.00104072
63.0955 16.338 0.00123946
79.4335 20.5665 0.00141147
100 25.887 0.0015093
125.887 32.601 0.0015012
158.488 41.04 0.00138328
199.528 51.663 0.00117848
251.191 65.038 0.000925735
316.229 81.881 0.000668978
398.11 103.08 0.000447263
501.19 129.775 0.000282994
630.965 163.37 0.000176257
794.335 205.665 0.000112561
1000 258.86 7.53607e-05
1258.86 326.03 5.2751e-05
1584.89 410.39 3.80201e-05
1995.28 516.64 2.7799e-05
2511.92 650.38 2.04325e-05
3162.3 818.8 1.50333e-05
3981.1 1030.8 1.10554e-05
5011.9 1297.75 8.12312e-06
6309.65 1633.7 5.96379e-06
7943.35 2056.65 4.37544e-06
10000 2588.7 3.20855e-06
12588.7 3260.1 2.35143e-06
15848.8 4104 1.72271e-06
19952.8 5166.4 1.26175e-06
25119.2 6503.7 9.23904e-07
31622.9 8188.1 6.76379e-07
39811 10308 4.95088e-07
50119 12977.5 3.62334e-07
63096.5 16336 2.65156e-07
79432.5 20567.5 1.94018e-07
100000 25886 1.41963e-07
125886 32602 1.03853e-07
158488 41040 7.59724e-08
199528 51664 5.55751e-08
251192 65038 4.06524e-08
316230 81880 2.97351e-08
398110 103080 2.17489e-08
501190 129775 1.59069e-08
630965 163360 1.16341e-08
794325 205675 8.50858e-09
1e+06 1.15886e+07 6.22298e-09
1.25886e+07 3.2603e+06 4.55059e-09
1.58489e+07 4.104e+06 3.3277e-09
1.99529e+07 5.1662e+06 2.43344e-09
2.51191e+07 6.5039e+06 1.77946e-09
3.1623e+07 8.188e+06 1.30119e-09
3.9811e+07 1.0308e+07 9.51448e-10
5.0119e+07 1.29765e+07 6.95687e-10
