1e-09 2.6e-10 6.63626e-06
1.26e-09 3.2e-10 1.01901e-05
1.58e-09 4.2e-10 1.56481e-05
2e-09 5.1e-10 2.39998e-05
2.51e-09 6.5e-10 3.67153e-05
3.16e-09 8.2e-10 5.5939e-05
3.98e-09 1.03e-09 8.47247e-05
5.01e-09 1.3e-09 0.000127287
6.31e-09 1.63e-09 0.000189172
7.94e-09 2.06e-09 0.00027723
1e-08 2.6e-09 0.00039894
1.26e-08 3.2e-09 0.000561049
1.58e-08 4.2e-09 0.000766143
2e-08 5.1e-09 0.00100799
2.51e-08 6.5e-09 0.00126543
3.16e-08 8.2e-09 0.00149766
3.98e-08 1.03e-08 0.00164629
5.01e-08 1.3e-08 0.0016506
6.31e-08 1.63e-08 0.00147768
7.94e-08 2.06e-08 0.00115486
1e-07 2.6e-08 0.000775565
1.26e-07 3.2e-08 0.000456272
1.58e-07 4.2e-08 0.00026568
2e-07 5.1e-08 0.000192725
2.51e-07 6.5e-08 0.000182735
3.16e-07 8.2e-08 0.000192038
3.98e-07 1.03e-07 0.000203528
5.01e-07 1.3e-07 0.000213772
6.31e-07 1.63e-07 0.000222517
7.94e-07 2.06e-07 0.000229898
1e-06 2.6e-07 0.000236084
1.26e-06 3.2e-07 0.00024126
1.58e-06 4.2e-07 0.000245593
2e-06 5.1e-07 0.000249234
2.51e-06 6.5e-07 0.000252315
3.16e-06 8.2e-07 0.000254945
3.98e-06 1.03e-06 0.000257215
5.01e-06 1.3e-06 0.000259198
6.31e-06 1.63e-06 0.000260951
7.94e-06 2.06e-06 0.000262523
1e-05 2.6e-06 0.00026395
1.26e-05 3.2e-06 0.000265262
1.58e-05 4.2e-06 0.000266484
2e-05 5.1e-06 0.000267633
2.51e-05 6.5e-06 0.000268727
3.16e-05 8.2e-06 0.000269779
3.98e-05 1.03e-05 0.0002708
5.01e-05 1.3e-05 0.0002718
6.31e-05 1.63e-05 0.000272791
7.94e-05 2.06e-05 0.00027378
0.0001 2.5897e-05 0.000274778
0.000125897 3.2591e-05 0.000275794
0.000158488 4.1041e-05 0.00027684
0.000199529 5.1662e-05 0.000277926
0.000251191 6.5038e-05 0.000279067
0.000316229 8.1881e-05 0.000280277
0.00039811 0.00010308 0.000281573
0.00050119 0.000129765 0.000282976
0.000630955 0.00016338 0.000284507
0.000794335 0.000205665 0.000286194
0.001 0.00025896 0.000288067
0.00125896 0.00032592 0.000290162
0.00158488 0.00041041 0.000292522
0.00199529 0.00051662 0.000295196
0.00251191 0.00065039 0.000298241
0.0031623 0.0008188 0.000301725
0.0039811 0.0010308 0.000305729
0.0050119 0.00129765 0.000310345
0.00630955 0.0016338 0.000315686
0.00794335 0.00205665 0.00032188
0.01 0.0025886 0.000329081
0.0125886 0.0032603 0.000337476
0.0158489 0.004104 0.000347275
0.0199529 0.0051663 0.000358733
0.0251192 0.0065037 0.000372151
0.0316229 0.0081881 0.000387883
0.039811 0.010308 0.000406344
0.050119 0.0129765 0.000428017
0.0630955 0.016337 0.000453461
0.0794325 0.0205675 0.000483311
0.1 0.025886 0.000518255
0.125886 0.032602 0.000559073
0.158488 0.041041 0.000606495
0.199529 0.051662 0.000661197
0.251191 0.065038 0.000723646
0.316229 0.081881 0.000793902
0.39811 0.10308 0.000871332
0.50119 0.129775 0.00095425
0.630965 0.16336 0.00103948
0.794325 0.205675 0.00112202
1 0.25886 0.0011947
1.25886 0.32603 0.00124855
1.58489 0.4104 0.00127355
1.99529 0.51662 0.00126074
2.51191 0.65039 0.0012051
3.1623 0.8188 0.00110891
3.9811 1.0308 0.000983975
5.0119 1.29765 0.000850567
6.30955 1.6338 0.000731719
7.94335 2.05665 0.000644583
10 2.5897 0.000593817
12.5897 3.2592 0.000572933
15.8489 4.1039 0.000573197
19.9528 5.1663 0.00059304
25.1191 6.5038 0.000640604
31.6229 8.1881 0.000728885
39.811 10.308 0.000866604
50.119 12.9765 0.00104806
63.0955 16.338 0.00124673
79.4335 20.5665 0.00141834
100 25.887 0.0015154
125.887 32.601 0.00150623
158.488 41.04 0.00138712
199.528 51.663 0.00118119
251.191 65.038 0.000927499
316.229 81.881 0.000670033
398.11 103.08 0.000447847
501.19 129.775 0.0002833
630.965 163.37 0.000176415
794.335 205.665 0.000112644
1000 258.86 7.54068e-05
1258.86 326.03 5.27777e-05
1584.89 410.39 3.8036e-05
1995.28 516.64 2.78086e-05
2511.92 650.38 2.04383e-05
3162.3 818.8 1.50368e-05
3981.1 1030.8 1.10576e-05
5011.9 1297.75 8.12443e-06
6309.65 1633.7 5.96458e-06
7943.35 2056.65 4.37592e-06
10000 2588.7 3.20884e-06
12588.7 3260.1 2.35161e-06
15848.8 4104 1.72282e-06
19952.8 5166.4 1.26181e-06
25119.2 6503.7 9.23943e-07
31622.9 8188.1 6.76403e-07
39811 10308 4.95102e-07
50119 12977.5 3.62343e-07
63096.5 16336 2.65161e-07
79432.5 20567.5 1.94021e-07
100000 25886 1.41965e-07
125886 32602 1.03854e-07
158488 41040 7.59731e-08
199528 51664 5.55755e-08
251192 65038 4.06526e-08
316230 81880 2.97353e-08
398110 103080 2.1749e-08
501190 129775 1.59069e-08
630965 163360 1.16341e-08
794325 205675 8.5086e-09
1e+06 1.15886e+07 6.22299e-09
1.25886e+07 3.2603e+06 4.5506e-09
1.58489e+07 4.104e+06 3.3277e-09
1.99529e+07 5.1662e+06 2.43344e-09
2.51191e+07 6.5039e+06 1.77946e-09
3.1623e+07 8.188e+06 1.30119e-09
3.9811e+07 1.0308e+07 9.51449e-10
5.0119e+07 1.29765e+07 6.95688e-10
