1e-09 2.6e-10 7.75554e-06
1.26e-09 3.2e-10 1.17215e-05
1.58e-09 4.2e-10 1.7751e-05
2e-09 5.1e-10 2.68972e-05
2.51e-09 6.5e-10 4.072e-05
3.16e-09 8.2e-10 6.14889e-05
3.98e-09 1.03e-09 9.24286e-05
5.01e-09 1.3e-09 0.000137984
6.31e-09 1.63e-09 0.000203997
7.94e-09 2.06e-09 0.000297689
1e-08 2.6e-09 0.000426952
1.26e-08 3.2e-09 0.000598955
1.58e-08 4.2e-09 0.000816569
2e-08 5.1e-09 0.00107355
2.51e-08 6.5e-09 0.00134818
3.16e-08 8.2e-09 0.00159836
3.98e-08 1.03e-08 0.00176369
5.01e-08 1.3e-08 0.0017813
6.31e-08 1.63e-08 0.00161695
7.94e-08 2.06e-08 0.00129869
1e-07 2.6e-08 0.000922876
1.26e-07 3.2e-08 0.000609677
1.58e-07 4.2e-08 0.000429683
2e-07 5.1e-08 0.000370858
2.51e-07 6.5e-08 0.000376087
3.16e-07 8.2e-08 0.000399804
3.98e-07 1.03e-07 0.000424129
5.01e-07 1.3e-07 0.000445491
6.31e-07 1.63e-07 0.000463716
7.94e-07 2.06e-07 0.000479096
1e-06 2.6e-07 0.000491987
1.26e-06 3.2e-07 0.000502773
1.58e-06 4.2e-07 0.0005118
2e-06 5.1e-07 0.000519386
2.51e-06 6.5e-07 0.000525804
3.16e-06 8.2e-07 0.000531282
3.98e-06 1.03e-06 0.000536009
5.01e-06 1.3e-06 0.000540137
6.31e-06 1.63e-06 0.000543786
7.94e-06 2.06e-06 0.000547055
1e-05 2.6e-06 0.000550021
1.26e-05 3.2e-06 0.000552747
1.58e-05 4.2e-06 0.00055528
2e-05 5.1e-06 0.000557662
2.51e-05 6.5e-06 0.000559925
3.16e-05 8.2e-06 0.000562096
3.98e-05 1.03e-05 0.000564199
5.01e-05 1.3e-05 0.000566255
6.31e-05 1.63e-05 0.000568282
7.94e-05 2.06e-05 0.0005703
0.0001 2.5897e-05 0.000572326
0.000125897 3.2591e-05 0.000574379
0.000158488 4.1041e-05 0.000576479
0.000199529 5.1662e-05 0.000578647
0.000251191 6.5038e-05 0.000580908
0.000316229 8.1881e-05 0.000583288
0.00039811 0.00010308 0.000585818
0.00050119 0.000129765 0.000588532
0.000630955 0.00016338 0.000591469
0.000794335 0.000205665 0.000594675
0.001 0.00025896 0.000598202
0.00125896 0.00032592 0.000602109
0.00158488 0.00041041 0.000606468
0.00199529 0.00051662 0.000611355
0.00251191 0.00065039 0.000616865
0.0031623 0.0008188 0.000623104
0.0039811 0.0010308 0.000630192
0.0050119 0.00129765 0.000638272
0.00630955 0.0016338 0.000647507
0.00794335 0.00205665 0.000658081
0.01 0.0025886 0.000670205
0.0125886 0.0032603 0.000684132
0.0158489 0.004104 0.000700131
0.0199529 0.0051663 0.000718518
0.0251192 0.0065037 0.000739645
0.0316229 0.0081881 0.000763909
0.039811 0.010308 0.000791744
0.050119 0.0129765 0.000823617
0.0630955 0.016337 0.000860031
0.0794325 0.0205675 0.000901492
0.1 0.025886 0.000948472
0.125886 0.032602 0.00100143
0.158488 0.041041 0.0010606
0.199529 0.051662 0.00112603
0.251191 0.065038 0.00119734
0.316229 0.081881 0.00127354
0.39811 0.10308 0.00135279
0.50119 0.129775 0.00143205
0.630965 0.16336 0.0015068
0.794325 0.205675 0.00157085
1 0.25886 0.0016163
1.25886 0.32603 0.00163407
1.58489 0.4104 0.00161506
1.99529 0.51662 0.00155232
2.51191 0.65039 0.00144401
3.1623 0.8188 0.00129632
3.9811 1.0308 0.00112507
5.0119 1.29765 0.00095362
6.30955 1.6338 0.000806356
7.94335 2.05665 0.000699767
10 2.5897 0.000636375
12.5897 3.2592 0.000607234
15.8489 4.1039 0.000601809
19.9528 5.1663 0.000617684
25.1191 6.5038 0.000662736
31.6229 8.1881 0.000749799
39.811 10.308 0.000887237
50.119 12.9765 0.00106875
63.0955 16.338 0.00126712
79.4335 20.5665 0.00143755
100 25.887 0.0015324
125.887 32.601 0.00152021
158.488 41.04 0.00139777
199.528 51.663 0.00118869
251.191 65.038 0.00093237
316.229 81.881 0.000672942
398.11 103.08 0.000449454
501.19 129.775 0.00028414
630.965 163.37 0.000176847
794.335 205.665 0.000112872
1000 258.86 7.5533e-05
1258.86 326.03 5.28507e-05
1584.89 410.39 3.80795e-05
1995.28 516.64 2.78349e-05
2511.92 650.38 2.04543e-05
3162.3 818.8 1.50465e-05
3981.1 1030.8 1.10635e-05
5011.9 1297.75 8.128e-06
6309.65 1633.7 5.96675e-06
7943.35 2056.65 4.37723e-06
10000 2588.7 3.20964e-06
12588.7 3260.1 2.35209e-06
15848.8 4104 1.72311e-06
19952.8 5166.4 1.26199e-06
25119.2 6503.7 9.2405e-07
31622.9 8188.1 6.76467e-07
39811 10308 4.95141e-07
50119 12977.5 3.62367e-07
63096.5 16336 2.65176e-07
79432.5 20567.5 1.9403e-07
100000 25886 1.4197e-07
125886 32602 1.03858e-07
158488 41040 7.5975e-08
199528 51664 5.55767e-08
251192 65038 4.06533e-08
316230 81880 2.97357e-08
398110 103080 2.17493e-08
501190 129775 1.59071e-08
630965 163360 1.16342e-08
794325 205675 8.50866e-09
1e+06 1.15886e+07 6.22302e-09
1.25886e+07 3.2603e+06 4.55062e-09
1.58489e+07 4.104e+06 3.32771e-09
1.99529e+07 5.1662e+06 2.43345e-09
2.51191e+07 6.5039e+06 1.77946e-09
3.1623e+07 8.188e+06 1.3012e-09
3.9811e+07 1.0308e+07 9.51451e-10
5.0119e+07 1.29765e+07 6.95689e-10
