1e-09 2.6e-10 5.4062e-06
1.26e-09 3.2e-10 8.32018e-06
1.58e-09 4.2e-10 1.28018e-05
2e-09 5.1e-10 1.96673e-05
2.51e-09 6.5e-10 3.01305e-05
3.16e-09 8.2e-10 4.59621e-05
3.98e-09 1.03e-09 6.96846e-05
5.01e-09 1.3e-09 0.00010478
6.31e-09 1.63e-09 0.00015583
7.94e-09 2.06e-09 0.000228495
1e-08 2.6e-09 0.000328954
1.26e-08 3.2e-09 0.000462775
1.58e-08 4.2e-09 0.000632079
2e-08 5.1e-09 0.00083169
2.51e-08 6.5e-09 0.00104406
3.16e-08 8.2e-09 0.00123538
3.98e-08 1.03e-08 0.0013573
5.01e-08 1.3e-08 0.00135954
6.31e-08 1.63e-08 0.00121487
7.94e-08 2.06e-08 0.000945942
1e-07 2.6e-08 0.000630147
1.26e-07 3.2e-08 0.000363993
1.58e-07 4.2e-08 0.000204419
2e-07 5.1e-08 0.000142321
2.51e-07 6.5e-08 0.000132478
3.16e-07 8.2e-08 0.000138762
3.98e-07 1.03e-07 0.000147024
5.01e-07 1.3e-07 0.000154422
6.31e-07 1.63e-07 0.000160739
7.94e-07 2.06e-07 0.000166071
1e-06 2.6e-07 0.00017054
1.26e-06 3.2e-07 0.000174279
1.58e-06 4.2e-07 0.000177408
2e-06 5.1e-07 0.000180039
2.51e-06 6.5e-07 0.000182264
3.16e-06 8.2e-07 0.000184165
3.98e-06 1.03e-06 0.000185805
5.01e-06 1.3e-06 0.000187237
6.31e-06 1.63e-06 0.000188504
7.94e-06 2.06e-06 0.00018964
1e-05 2.6e-06 0.000190671
1.26e-05 3.2e-06 0.000191619
1.58e-05 4.2e-06 0.000192502
2e-05 5.1e-06 0.000193333
2.51e-05 6.5e-06 0.000194124
3.16e-05 8.2e-06 0.000194884
3.98e-05 1.03e-05 0.000195623
5.01e-05 1.3e-05 0.000196347
6.31e-05 1.63e-05 0.000197064
7.94e-05 2.06e-05 0.00019778
0.0001 2.5897e-05 0.000198503
0.000125897 3.2591e-05 0.000199239
0.000158488 4.1041e-05 0.000199998
0.000199529 5.1662e-05 0.000200786
0.000251191 6.5038e-05 0.000201614
0.000316229 8.1881e-05 0.000202493
0.00039811 0.00010308 0.000203436
0.00050119 0.000129765 0.000204456
0.000630955 0.00016338 0.00020557
0.000794335 0.000205665 0.000206799
0.001 0.00025896 0.000208165
0.00125896 0.00032592 0.000209693
0.00158488 0.00041041 0.000211416
0.00199529 0.00051662 0.000213369
0.00251191 0.00065039 0.000215595
0.0031623 0.0008188 0.000218144
0.0039811 0.0010308 0.000221075
0.0050119 0.00129765 0.000224457
0.00630955 0.0016338 0.000228373
0.00794335 0.00205665 0.00023292
0.01 0.0025886 0.000238211
0.0125886 0.0032603 0.000244388
0.0158489 0.004104 0.000251609
0.0199529 0.0051663 0.000260067
0.0251192 0.0065037 0.000269994
0.0316229 0.0081881 0.000281663
0.039811 0.010308 0.0002954
0.050119 0.0129765 0.00031159
0.0630955 0.016337 0.000330688
0.0794325 0.0205675 0.000353226
0.1 0.025886 0.000379801
0.125886 0.032602 0.00041112
0.158488 0.041041 0.000447904
0.199529 0.051662 0.000490899
0.251191 0.065038 0.000540777
0.316229 0.081881 0.000597989
0.39811 0.10308 0.000662537
0.50119 0.129775 0.000733661
0.630965 0.16336 0.000809406
0.794325 0.205675 0.00088621
1 0.25886 0.000958445
1.25886 0.32603 0.00101848
1.58489 0.4104 0.00105706
1.99529 0.51662 0.00106505
2.51191 0.65039 0.00103602
3.1623 0.8188 0.000969667
3.9811 1.0308 0.000874435
5.0119 1.29765 0.000767355
6.30955 1.6338 0.00066932
7.94335 2.05665 0.00059702
10 2.5897 0.000556153
12.5897 3.2592 0.000541877
15.8489 4.1039 0.000546781
19.9528 5.1663 0.000569905
25.1191 6.5038 0.00061953
31.6229 8.1881 0.000708731
39.811 10.308 0.000846519
50.119 12.9765 0.00102774
63.0955 16.338 0.00122656
79.4335 20.5665 0.00139922
100 25.887 0.00149841
125.887 32.601 0.00149219
158.488 41.04 0.00137639
199.528 51.663 0.00117361
251.191 65.038 0.000922562
316.229 81.881 0.000667078
398.11 103.08 0.000446211
501.19 129.775 0.000282443
630.965 163.37 0.000175973
794.335 205.665 0.000112411
1000 258.86 7.52776e-05
1258.86 326.03 5.27029e-05
1584.89 410.39 3.79914e-05
1995.28 516.64 2.77817e-05
2511.92 650.38 2.04219e-05
3162.3 818.8 1.50269e-05
3981.1 1030.8 1.10515e-05
5011.9 1297.75 8.12075e-06
6309.65 1633.7 5.96235e-06
7943.35 2056.65 4.37457e-06
10000 2588.7 3.20802e-06
12588.7 3260.1 2.35111e-06
15848.8 4104 1.72252e-06
19952.8 5166.4 1.26163e-06
25119.2 6503.7 9.23833e-07
31622.9 8188.1 6.76336e-07
39811 10308 4.95062e-07
50119 12977.5 3.62319e-07
63096.5 16336 2.65147e-07
79432.5 20567.5 1.94012e-07
100000 25886 1.4196e-07
125886 32602 1.03851e-07
158488 41040 7.59712e-08
199528 51664 5.55743e-08
251192 65038 4.06519e-08
316230 81880 2.97349e-08
398110 103080 2.17488e-08
501190 129775 1.59068e-08
630965 163360 1.1634e-08
794325 205675 8.50855e-09
1e+06 1.15886e+07 6.22296e-09
1.25886e+07 3.2603e+06 4.55058e-09
1.58489e+07 4.104e+06 3.32769e-09
1.99529e+07 5.1662e+06 2.43343e-09
2.51191e+07 6.5039e+06 1.77945e-09
3.1623e+07 8.188e+06 1.30119e-09
3.9811e+07 1.0308e+07 9.51447e-10
5.0119e+07 1.29765e+07 6.95687e-10
