1e-09 2.6e-10 6.24882e-06
1.26e-09 3.2e-10 9.61699e-06
1.58e-09 4.2e-10 1.47971e-05
2e-09 5.1e-10 2.27328e-05
2.51e-09 6.5e-10 3.48267e-05
3.16e-09 8.2e-10 5.31259e-05
3.98e-09 1.03e-09 8.05456e-05
5.01e-09 1.3e-09 0.000121111
6.31e-09 1.63e-09 0.000180118
7.94e-09 2.06e-09 0.000264108
1e-08 2.6e-09 0.000380223
1.26e-08 3.2e-09 0.000534901
1.58e-08 4.2e-09 0.000730592
2e-08 5.1e-09 0.000961314
2.51e-08 6.5e-09 0.00120678
3.16e-08 8.2e-09 0.00142793
3.98e-08 1.03e-08 0.00156886
5.01e-08 1.3e-08 0.00157147
6.31e-08 1.63e-08 0.00140428
7.94e-08 2.06e-08 0.00109347
1e-07 2.6e-08 0.000728488
1.26e-07 3.2e-08 0.000420889
1.58e-07 4.2e-08 0.000236479
2e-07 5.1e-08 0.000164736
2.51e-07 6.5e-08 0.000153392
3.16e-07 8.2e-08 0.000160685
3.98e-07 1.03e-07 0.000170263
5.01e-07 1.3e-07 0.000178842
6.31e-07 1.63e-07 0.000186171
7.94e-07 2.06e-07 0.000192358
1e-06 2.6e-07 0.000197547
1.26e-06 3.2e-07 0.000201891
1.58e-06 4.2e-07 0.00020553
2e-06 5.1e-07 0.000208591
2.51e-06 6.5e-07 0.000211183
3.16e-06 8.2e-07 0.000213398
3.98e-06 1.03e-06 0.000215312
5.01e-06 1.3e-06 0.000216986
6.31e-06 1.63e-06 0.000218469
7.94e-06 2.06e-06 0.000219799
1e-05 2.6e-06 0.000221008
1.26e-05 3.2e-06 0.000222122
1.58e-05 4.2e-06 0.000223159
2e-05 5.1e-06 0.000224137
2.51e-05 6.5e-06 0.000225068
3.16e-05 8.2e-06 0.000225964
3.98e-05 1.03e-05 0.000226835
5.01e-05 1.3e-05 0.000227689
6.31e-05 1.63e-05 0.000228535
7.94e-05 2.06e-05 0.00022938
0.0001 2.5897e-05 0.000230233
0.000125897 3.2591e-05 0.000231102
0.000158488 4.1041e-05 0.000231996
0.000199529 5.1662e-05 0.000232925
0.000251191 6.5038e-05 0.000233901
0.000316229 8.1881e-05 0.000234935
0.00039811 0.00010308 0.000236043
0.00050119 0.000129765 0.000237241
0.000630955 0.00016338 0.000238549
0.000794335 0.000205665 0.000239989
0.001 0.00025896 0.000241588
0.00125896 0.00032592 0.000243376
0.00158488 0.00041041 0.000245389
0.00199529 0.00051662 0.000247669
0.00251191 0.00065039 0.000250266
0.0031623 0.0008188 0.000253237
0.0039811 0.0010308 0.000256652
0.0050119 0.00129765 0.00026059
0.00630955 0.0016338 0.000265148
0.00794335 0.00205665 0.000270436
0.01 0.0025886 0.000276588
0.0125886 0.0032603 0.000283767
0.0158489 0.004104 0.000292157
0.0199529 0.0051663 0.000301981
0.0251192 0.0065037 0.000313509
0.0316229 0.0081881 0.000327056
0.039811 0.010308 0.000343001
0.050119 0.0129765 0.000361789
0.0630955 0.016337 0.00038395
0.0794325 0.0205675 0.000410097
0.1 0.025886 0.000440926
0.125886 0.032602 0.000477254
0.158488 0.041041 0.00051992
0.199529 0.051662 0.000569788
0.251191 0.065038 0.000627642
0.316229 0.081881 0.000694009
0.39811 0.10308 0.000768898
0.50119 0.129775 0.000851437
0.630965 0.16336 0.000939371
0.794325 0.205675 0.00102858
1 0.25886 0.00111255
1.25886 0.32603 0.00118243
1.58489 0.4104 0.0012275
1.99529 0.51662 0.00123711
2.51191 0.65039 0.0012038
3.1623 0.8188 0.00112718
3.9811 1.0308 0.00101705
5.0119 1.29765 0.000893163
6.30955 1.6338 0.000779816
7.94335 2.05665 0.000696427
10 2.5897 0.000649647
12.5897 3.2592 0.000633857
15.8489 4.1039 0.000640419
19.9528 5.1663 0.000668156
25.1191 6.5038 0.000726598
31.6229 8.1881 0.000830844
39.811 10.308 0.000991311
50.119 12.9765 0.00120206
63.0955 16.338 0.00143323
79.4335 20.5665 0.00163416
100 25.887 0.00174997
125.887 32.601 0.00174338
158.488 41.04 0.00160924
199.528 51.663 0.00137367
251.191 65.038 0.00108179
316.229 81.881 0.000784694
398.11 103.08 0.000527558
501.19 129.775 0.000336278
630.965 163.37 0.000211207
794.335 205.665 0.000135926
1000 258.86 9.15028e-05
1258.86 326.03 6.42246e-05
1584.89 410.39 4.63158e-05
1995.28 516.64 3.38404e-05
2511.92 650.38 2.4839e-05
3162.3 818.8 1.82448e-05
3981.1 1030.8 1.33926e-05
5011.9 1297.75 9.82153e-06
6309.65 1633.7 7.19646e-06
7943.35 2056.65 5.26912e-06
10000 2588.7 3.85595e-06
12588.7 3260.1 2.81999e-06
15848.8 4104 2.06162e-06
19952.8 5166.4 1.50675e-06
25119.2 6503.7 1.10094e-06
31622.9 8188.1 8.04245e-07
39811 10308 5.87403e-07
50119 12977.5 4.28958e-07
63096.5 16336 3.13224e-07
79432.5 20567.5 2.28686e-07
100000 25886 1.66961e-07
125886 32602 1.21871e-07
158488 41040 8.89557e-08
199528 51664 6.49283e-08
251192 65038 4.73887e-08
316230 81880 3.45853e-08
398110 103080 2.52401e-08
501190 129775 1.84191e-08
630965 163360 1.34414e-08
794325 205675 9.80837e-09
1e+06 1.15886e+07 7.15756e-09
1.25886e+07 3.2603e+06 5.22228e-09
1.58489e+07 4.104e+06 3.81031e-09
1.99529e+07 5.1662e+06 2.7801e-09
2.51191e+07 6.5039e+06 2.02839e-09
3.1623e+07 8.188e+06 1.47988e-09
3.9811e+07 1.0308e+07 1.07967e-09
5.0119e+07 1.29765e+07 7.87664e-10
