1e-09 2.6e-10 7.38371e-06
1.26e-09 3.2e-10 1.13472e-05
1.58e-09 4.2e-10 1.74376e-05
2e-09 5.1e-10 2.67607e-05
2.51e-09 6.5e-10 4.09603e-05
3.16e-09 8.2e-10 6.24343e-05
3.98e-09 1.03e-09 9.45975e-05
5.01e-09 1.3e-09 0.000142164
6.31e-09 1.63e-09 0.000211335
7.94e-09 2.06e-09 0.000309772
1e-08 2.6e-09 0.00044584
1.26e-08 3.2e-09 0.000627082
1.58e-08 4.2e-09 0.000856382
2e-08 5.1e-09 0.00112676
2.51e-08 6.5e-09 0.00141451
3.16e-08 8.2e-09 0.00167397
3.98e-08 1.03e-08 0.00183976
5.01e-08 1.3e-08 0.00184395
6.31e-08 1.63e-08 0.0016497
7.94e-08 2.06e-08 0.0012876
1e-07 2.6e-08 0.000862251
1.26e-07 3.2e-08 0.000504038
1.58e-07 4.2e-08 0.000289882
2e-07 5.1e-08 0.000207426
2.51e-07 6.5e-08 0.000195504
3.16e-07 8.2e-08 0.00020525
3.98e-07 1.03e-07 0.000217524
5.01e-07 1.3e-07 0.000228486
6.31e-07 1.63e-07 0.000237849
7.94e-07 2.06e-07 0.000245754
1e-06 2.6e-07 0.000252383
1.26e-06 3.2e-07 0.000257933
1.58e-06 4.2e-07 0.000262582
2e-06 5.1e-07 0.000266492
2.51e-06 6.5e-07 0.000269804
3.16e-06 8.2e-07 0.000272634
3.98e-06 1.03e-06 0.000275079
5.01e-06 1.3e-06 0.000277218
6.31e-06 1.63e-06 0.000279111
7.94e-06 2.06e-06 0.00028081
1e-05 2.6e-06 0.000282355
1.26e-05 3.2e-06 0.000283777
1.58e-05 4.2e-06 0.000285103
2e-05 5.1e-06 0.000286351
2.51e-05 6.5e-06 0.00028754
3.16e-05 8.2e-06 0.000288685
3.98e-05 1.03e-05 0.000289796
5.01e-05 1.3e-05 0.000290887
6.31e-05 1.63e-05 0.000291966
7.94e-05 2.06e-05 0.000293045
0.0001 2.5897e-05 0.000294133
0.000125897 3.2591e-05 0.000295241
0.000158488 4.1041e-05 0.000296381
0.000199529 5.1662e-05 0.000297566
0.000251191 6.5038e-05 0.000298809
0.000316229 8.1881e-05 0.000300126
0.00039811 0.00010308 0.000301537
0.00050119 0.000129765 0.000303063
0.000630955 0.00016338 0.000304728
0.000794335 0.000205665 0.00030656
0.001 0.00025896 0.000308595
0.00125896 0.00032592 0.000310868
0.00158488 0.00041041 0.000313428
0.00199529 0.00051662 0.000316327
0.00251191 0.00065039 0.000319627
0.0031623 0.0008188 0.000323402
0.0039811 0.0010308 0.000327739
0.0050119 0.00129765 0.00033274
0.00630955 0.0016338 0.000338525
0.00794335 0.00205665 0.000345235
0.01 0.0025886 0.000353037
0.0125886 0.0032603 0.000362135
0.0158489 0.004104 0.000372761
0.0199529 0.0051663 0.000385193
0.0251192 0.0065037 0.000399763
0.0316229 0.0081881 0.000416861
0.039811 0.010308 0.000436948
0.050119 0.0129765 0.000460563
0.0630955 0.016337 0.000488333
0.0794325 0.0205675 0.000520977
0.1 0.025886 0.000559285
0.125886 0.032602 0.000604159
0.158488 0.041041 0.00065647
0.199529 0.051662 0.00071705
0.251191 0.065038 0.000786534
0.316229 0.081881 0.000865134
0.39811 0.10308 0.000952317
0.50119 0.129775 0.0010464
0.630965 0.16336 0.00114402
0.794325 0.205675 0.00123971
1 0.25886 0.00132548
1.25886 0.32603 0.00139116
1.58489 0.4104 0.00142517
1.99529 0.51662 0.0014169
2.51191 0.65039 0.00136005
3.1623 0.8188 0.00125657
3.9811 1.0308 0.00111937
5.0119 1.29765 0.000971267
6.30955 1.6338 0.000838655
7.94335 2.05665 0.000741474
10 2.5897 0.000685466
12.5897 3.2592 0.000663503
15.8489 4.1039 0.000665721
19.9528 5.1663 0.000690375
25.1191 6.5038 0.000746875
31.6229 8.1881 0.000850251
39.811 10.308 0.00101065
50.119 12.9765 0.00122162
63.0955 16.338 0.00145264
79.4335 20.5665 0.00165256
100 25.887 0.00176633
125.887 32.601 0.00175691
158.488 41.04 0.0016196
199.528 51.663 0.001381
251.191 65.038 0.00108657
316.229 81.881 0.000787565
398.11 103.08 0.000529156
501.19 129.775 0.000337121
630.965 163.37 0.000211645
794.335 205.665 0.000136159
1000 258.86 9.16326e-05
1258.86 326.03 6.42999e-05
1584.89 410.39 4.63607e-05
1995.28 516.64 3.38675e-05
2511.92 650.38 2.48555e-05
3162.3 818.8 1.82548e-05
3981.1 1030.8 1.33987e-05
5011.9 1297.75 9.82521e-06
6309.65 1633.7 7.19868e-06
7943.35 2056.65 5.27047e-06
10000 2588.7 3.85676e-06
12588.7 3260.1 2.82048e-06
15848.8 4104 2.06192e-06
19952.8 5166.4 1.50693e-06
25119.2 6503.7 1.10105e-06
31622.9 8188.1 8.0431e-07
39811 10308 5.87442e-07
50119 12977.5 4.28982e-07
63096.5 16336 3.13238e-07
79432.5 20567.5 2.28695e-07
100000 25886 1.66967e-07
125886 32602 1.21874e-07
158488 41040 8.89576e-08
199528 51664 6.49295e-08
251192 65038 4.73894e-08
316230 81880 3.45857e-08
398110 103080 2.52403e-08
501190 129775 1.84192e-08
630965 163360 1.34415e-08
794325 205675 9.80843e-09
1e+06 1.15886e+07 7.15759e-09
1.25886e+07 3.2603e+06 5.2223e-09
1.58489e+07 4.104e+06 3.81033e-09
1.99529e+07 5.1662e+06 2.78011e-09
2.51191e+07 6.5039e+06 2.02839e-09
3.1623e+07 8.188e+06 1.47988e-09
3.9811e+07 1.0308e+07 1.07967e-09
5.0119e+07 1.29765e+07 7.87665e-10
