1e-09 2.6e-10 7.76206e-06
1.26e-09 3.2e-10 1.17188e-05
1.58e-09 4.2e-10 1.773e-05
2e-09 5.1e-10 2.68428e-05
2.51e-09 6.5e-10 4.06079e-05
3.16e-09 8.2e-10 6.12806e-05
3.98e-09 1.03e-09 9.20656e-05
5.01e-09 1.3e-09 0.000137379
6.31e-09 1.63e-09 0.000203026
7.94e-09 2.06e-09 0.000296179
1e-08 2.6e-09 0.000424683
1.26e-08 3.2e-09 0.000595664
1.58e-08 4.2e-09 0.000811984
2e-08 5.1e-09 0.00106747
2.51e-08 6.5e-09 0.00134057
3.16e-08 8.2e-09 0.00158953
3.98e-08 1.03e-08 0.00175445
5.01e-08 1.3e-08 0.00177292
6.31e-08 1.63e-08 0.00161095
7.94e-08 2.06e-08 0.00129637
1e-07 2.6e-08 0.000924756
1.26e-07 3.2e-08 0.000615304
1.58e-07 4.2e-08 0.000438019
2e-07 5.1e-08 0.000380913
2.51e-07 6.5e-08 0.000387278
3.16e-07 8.2e-08 0.000411874
3.98e-07 1.03e-07 0.000436948
5.01e-07 1.3e-07 0.000458956
6.31e-07 1.63e-07 0.000477732
7.94e-07 2.06e-07 0.000493577
1e-06 2.6e-07 0.000506857
1.26e-06 3.2e-07 0.000517969
1.58e-06 4.2e-07 0.000527269
2e-06 5.1e-07 0.000535084
2.51e-06 6.5e-07 0.000541696
3.16e-06 8.2e-07 0.00054734
3.98e-06 1.03e-06 0.00055221
5.01e-06 1.3e-06 0.000556462
6.31e-06 1.63e-06 0.000560221
7.94e-06 2.06e-06 0.000563588
1e-05 2.6e-06 0.000566643
1.26e-05 3.2e-06 0.000569451
1.58e-05 4.2e-06 0.00057206
2e-05 5.1e-06 0.000574513
2.51e-05 6.5e-06 0.000576844
3.16e-05 8.2e-06 0.000579079
3.98e-05 1.03e-05 0.000581244
5.01e-05 1.3e-05 0.00058336
6.31e-05 1.63e-05 0.000585447
7.94e-05 2.06e-05 0.000587523
0.0001 2.5897e-05 0.000589607
0.000125897 3.2591e-05 0.000591718
0.000158488 4.1041e-05 0.000593877
0.000199529 5.1662e-05 0.000596105
0.000251191 6.5038e-05 0.000598427
0.000316229 8.1881e-05 0.000600871
0.00039811 0.00010308 0.000603467
0.00050119 0.000129765 0.00060625
0.000630955 0.00016338 0.00060926
0.000794335 0.000205665 0.000612544
0.001 0.00025896 0.000616156
0.00125896 0.00032592 0.000620153
0.00158488 0.00041041 0.000624609
0.00199529 0.00051662 0.000629603
0.00251191 0.00065039 0.000635229
0.0031623 0.0008188 0.000641594
0.0039811 0.0010308 0.000648822
0.0050119 0.00129765 0.000657054
0.00630955 0.0016338 0.000666454
0.00794335 0.00205665 0.000677209
0.01 0.0025886 0.000689528
0.0125886 0.0032603 0.000703667
0.0158489 0.004104 0.000719892
0.0199529 0.0051663 0.000738519
0.0251192 0.0065037 0.000759897
0.0316229 0.0081881 0.000784418
0.039811 0.010308 0.000812509
0.050119 0.0129765 0.000844633
0.0630955 0.016337 0.000881277
0.0794325 0.0205675 0.000922937
0.1 0.025886 0.000970064
0.125886 0.032602 0.0010231
0.158488 0.041041 0.00108226
0.199529 0.051662 0.00114755
0.251191 0.065038 0.00121857
0.316229 0.081881 0.00129432
0.39811 0.10308 0.0013729
0.50119 0.129775 0.00145128
0.630965 0.16336 0.00152491
0.794325 0.205675 0.00158761
1 0.25886 0.00163147
1.25886 0.32603 0.00164747
1.58489 0.4104 0.00162653
1.99529 0.51662 0.00156182
2.51191 0.65039 0.00145157
3.1623 0.8188 0.00130211
3.9811 1.0308 0.00112933
5.0119 1.29765 0.000956665
6.30955 1.6338 0.000808522
7.94335 2.05665 0.000701345
10 2.5897 0.000637576
12.5897 3.2592 0.00060819
15.8489 4.1039 0.000602599
19.9528 5.1663 0.000618358
25.1191 6.5038 0.000663338
31.6229 8.1881 0.000750365
39.811 10.308 0.000887792
50.119 12.9765 0.0010693
63.0955 16.338 0.00126767
79.4335 20.5665 0.00143806
100 25.887 0.00153285
125.887 32.601 0.00152058
158.488 41.04 0.00139805
199.528 51.663 0.00118889
251.191 65.038 0.000932498
316.229 81.881 0.000673019
398.11 103.08 0.000449496
501.19 129.775 0.000284162
630.965 163.37 0.000176858
794.335 205.665 0.000112878
1000 258.86 7.55363e-05
1258.86 326.03 5.28526e-05
1584.89 410.39 3.80806e-05
1995.28 516.64 2.78356e-05
2511.92 650.38 2.04547e-05
3162.3 818.8 1.50468e-05
3981.1 1030.8 1.10636e-05
5011.9 1297.75 8.1281e-06
6309.65 1633.7 5.96681e-06
7943.35 2056.65 4.37727e-06
10000 2588.7 3.20966e-06
12588.7 3260.1 2.3521e-06
15848.8 4104 1.72312e-06
19952.8 5166.4 1.26199e-06
25119.2 6503.7 9.24052e-07
31622.9 8188.1 6.76469e-07
39811 10308 4.95142e-07
50119 12977.5 3.62367e-07
63096.5 16336 2.65176e-07
79432.5 20567.5 1.9403e-07
100000 25886 1.4197e-07
125886 32602 1.03858e-07
158488 41040 7.59751e-08
199528 51664 5.55767e-08
251192 65038 4.06534e-08
316230 81880 2.97357e-08
398110 103080 2.17493e-08
501190 129775 1.59071e-08
630965 163360 1.16342e-08
794325 205675 8.50866e-09
1e+06 1.15886e+07 6.22302e-09
1.25886e+07 3.2603e+06 4.55062e-09
1.58489e+07 4.104e+06 3.32771e-09
1.99529e+07 5.1662e+06 2.43345e-09
2.51191e+07 6.5039e+06 1.77946e-09
3.1623e+07 8.188e+06 1.3012e-09
3.9811e+07 1.0308e+07 9.51451e-10
5.0119e+07 1.29765e+07 6.95689e-10
