1e-09 2.6e-10 7.73622e-06
1.26e-09 3.2e-10 1.18779e-05
1.58e-09 4.2e-10 1.82383e-05
2e-09 5.1e-10 2.79702e-05
2.51e-09 6.5e-10 4.27864e-05
3.16e-09 8.2e-10 6.51851e-05
3.98e-09 1.03e-09 9.8724e-05
5.01e-09 1.3e-09 0.000148313
6.31e-09 1.63e-09 0.000220413
7.94e-09 2.06e-09 0.000323004
1e-08 2.6e-09 0.0004648
1.26e-08 3.2e-09 0.000653663
1.58e-08 4.2e-09 0.000892603
2e-08 5.1e-09 0.00117437
2.51e-08 6.5e-09 0.00147431
3.16e-08 8.2e-09 0.00174489
3.98e-08 1.03e-08 0.00191811
5.01e-08 1.3e-08 0.00192324
6.31e-08 1.63e-08 0.00172195
7.94e-08 2.06e-08 0.00134607
1e-07 2.6e-08 0.000904402
1.26e-07 3.2e-08 0.000532639
1.58e-07 4.2e-08 0.000310791
2e-07 5.1e-08 0.000225966
2.51e-07 6.5e-08 0.000214478
3.16e-07 8.2e-08 0.000225451
3.98e-07 1.03e-07 0.000238959
5.01e-07 1.3e-07 0.000251002
6.31e-07 1.63e-07 0.000261287
7.94e-07 2.06e-07 0.000269971
1e-06 2.6e-07 0.000277253
1.26e-06 3.2e-07 0.000283351
1.58e-06 4.2e-07 0.000288457
2e-06 5.1e-07 0.000292753
2.51e-06 6.5e-07 0.00029639
3.16e-06 8.2e-07 0.0002995
3.98e-06 1.03e-06 0.000302186
5.01e-06 1.3e-06 0.000304534
6.31e-06 1.63e-06 0.000306614
7.94e-06 2.06e-06 0.000308481
1e-05 2.6e-06 0.000310177
1.26e-05 3.2e-06 0.00031174
1.58e-05 4.2e-06 0.000313195
2e-05 5.1e-06 0.000314566
2.51e-05 6.5e-06 0.000315872
3.16e-05 8.2e-06 0.000317128
3.98e-05 1.03e-05 0.000318349
5.01e-05 1.3e-05 0.000319546
6.31e-05 1.63e-05 0.00032073
7.94e-05 2.06e-05 0.000321914
0.0001 2.5897e-05 0.000323108
0.000125897 3.2591e-05 0.000324323
0.000158488 4.1041e-05 0.000325573
0.000199529 5.1662e-05 0.000326871
0.000251191 6.5038e-05 0.000328232
0.000316229 8.1881e-05 0.000329675
0.00039811 0.00010308 0.00033122
0.00050119 0.000129765 0.000332889
0.000630955 0.00016338 0.00033471
0.000794335 0.000205665 0.000336714
0.001 0.00025896 0.000338937
0.00125896 0.00032592 0.00034142
0.00158488 0.00041041 0.000344215
0.00199529 0.00051662 0.000347378
0.00251191 0.00065039 0.000350977
0.0031623 0.0008188 0.000355093
0.0039811 0.0010308 0.000359819
0.0050119 0.00129765 0.000365265
0.00630955 0.0016338 0.000371561
0.00794335 0.00205665 0.00037886
0.01 0.0025886 0.00038734
0.0125886 0.0032603 0.000397223
0.0158489 0.004104 0.000408754
0.0199529 0.0051663 0.000422232
0.0251192 0.0065037 0.00043801
0.0316229 0.0081881 0.000456502
0.039811 0.010308 0.000478194
0.050119 0.0129765 0.000503651
0.0630955 0.016337 0.000533526
0.0794325 0.0205675 0.00056856
0.1 0.025886 0.000609555
0.125886 0.032602 0.000657419
0.158488 0.041041 0.000712998
0.199529 0.051662 0.00077707
0.251191 0.065038 0.000850169
0.316229 0.081881 0.000932346
0.39811 0.10308 0.00102284
0.50119 0.129775 0.00111965
0.630965 0.16336 0.00121905
0.794325 0.205675 0.00131516
1 0.25886 0.00139961
1.25886 0.32603 0.00146193
1.58489 0.4104 0.00149046
1.99529 0.51662 0.0014748
2.51191 0.65039 0.00140917
3.1623 0.8188 0.00129633
3.9811 1.0308 0.00115015
5.0119 1.29765 0.000994323
6.30955 1.6338 0.00085573
7.94335 2.05665 0.00075435
10 2.5897 0.000695569
12.5897 3.2592 0.000671768
15.8489 4.1039 0.000672704
19.9528 5.1663 0.000696455
25.1191 6.5038 0.000752383
31.6229 8.1881 0.00085549
39.811 10.308 0.00101584
50.119 12.9765 0.00122684
63.0955 16.338 0.0014578
79.4335 20.5665 0.00165745
100 25.887 0.00177067
125.887 32.601 0.00176048
158.488 41.04 0.00162233
199.528 51.663 0.00138292
251.191 65.038 0.00108783
316.229 81.881 0.000788319
398.11 103.08 0.000529575
501.19 129.775 0.000337342
630.965 163.37 0.00021176
794.335 205.665 0.00013622
1000 258.86 9.16666e-05
1258.86 326.03 6.43196e-05
1584.89 410.39 4.63725e-05
1995.28 516.64 3.38746e-05
2511.92 650.38 2.48598e-05
3162.3 818.8 1.82574e-05
3981.1 1030.8 1.34003e-05
5011.9 1297.75 9.82617e-06
6309.65 1633.7 7.19927e-06
7943.35 2056.65 5.27082e-06
10000 2588.7 3.85698e-06
12588.7 3260.1 2.82061e-06
15848.8 4104 2.062e-06
19952.8 5166.4 1.50698e-06
25119.2 6503.7 1.10108e-06
31622.9 8188.1 8.04327e-07
39811 10308 5.87453e-07
50119 12977.5 4.28988e-07
63096.5 16336 3.13242e-07
79432.5 20567.5 2.28697e-07
100000 25886 1.66968e-07
125886 32602 1.21875e-07
158488 41040 8.89581e-08
199528 51664 6.49298e-08
251192 65038 4.73895e-08
316230 81880 3.45858e-08
398110 103080 2.52404e-08
501190 129775 1.84193e-08
630965 163360 1.34415e-08
794325 205675 9.80844e-09
1e+06 1.15886e+07 7.1576e-09
1.25886e+07 3.2603e+06 5.22231e-09
1.58489e+07 4.104e+06 3.81033e-09
1.99529e+07 5.1662e+06 2.78011e-09
2.51191e+07 6.5039e+06 2.02839e-09
3.1623e+07 8.188e+06 1.47988e-09
3.9811e+07 1.0308e+07 1.07967e-09
5.0119e+07 1.29765e+07 7.87665e-10
