1e-09 2.6e-10 4.11739e-06
1.26e-09 3.2e-10 6.33219e-06
1.58e-09 4.2e-10 9.73704e-06
2e-09 5.1e-10 1.49512e-05
2.51e-09 6.5e-10 2.28954e-05
3.16e-09 8.2e-10 3.49125e-05
3.98e-09 1.03e-09 5.29157e-05
5.01e-09 1.3e-09 7.95458e-05
6.31e-09 1.63e-09 0.000118277
7.94e-09 2.06e-09 0.000173401
1e-08 2.6e-09 0.000249605
1.26e-08 3.2e-09 0.000351112
1.58e-08 4.2e-09 0.000479533
2e-08 5.1e-09 0.000630948
2.51e-08 6.5e-09 0.00079206
3.16e-08 8.2e-09 0.000937256
3.98e-08 1.03e-08 0.00102988
5.01e-08 1.3e-08 0.00103184
6.31e-08 1.63e-08 0.000922483
7.94e-08 2.06e-08 0.000718972
1e-07 2.6e-08 0.000479955
1.26e-07 3.2e-08 0.000278565
1.58e-07 4.2e-08 0.000157945
2e-07 5.1e-08 0.000111183
2.51e-07 6.5e-08 0.000103998
3.16e-07 8.2e-08 0.000109002
3.98e-07 1.03e-07 0.000115469
5.01e-07 1.3e-07 0.000121247
6.31e-07 1.63e-07 0.000126174
7.94e-07 2.06e-07 0.000130323
1e-06 2.6e-07 0.000133794
1.26e-06 3.2e-07 0.000136691
1.58e-06 4.2e-07 0.000139108
2e-06 5.1e-07 0.000141133
2.51e-06 6.5e-07 0.000142839
3.16e-06 8.2e-07 0.000144289
3.98e-06 1.03e-06 0.000145535
5.01e-06 1.3e-06 0.000146618
6.31e-06 1.63e-06 0.00014757
7.94e-06 2.06e-06 0.000148419
1e-05 2.6e-06 0.000149186
1.26e-05 3.2e-06 0.000149888
1.58e-05 4.2e-06 0.000150539
2e-05 5.1e-06 0.000151148
2.51e-05 6.5e-06 0.000151726
3.16e-05 8.2e-06 0.00015228
3.98e-05 1.03e-05 0.000152817
5.01e-05 1.3e-05 0.000153342
6.31e-05 1.63e-05 0.000153861
7.94e-05 2.06e-05 0.00015438
0.0001 2.5897e-05 0.000154904
0.000125897 3.2591e-05 0.000155438
0.000158488 4.1041e-05 0.00015599
0.000199529 5.1662e-05 0.000156564
0.000251191 6.5038e-05 0.000157171
0.000316229 8.1881e-05 0.000157816
0.00039811 0.00010308 0.000158512
0.00050119 0.000129765 0.000159268
0.000630955 0.00016338 0.000160099
0.000794335 0.000205665 0.000161018
0.001 0.00025896 0.000162045
0.00125896 0.00032592 0.0001632
0.00158488 0.00041041 0.000164506
0.00199529 0.00051662 0.000165993
0.00251191 0.00065039 0.000167694
0.0031623 0.0008188 0.000169648
0.0039811 0.0010308 0.000171902
0.0050119 0.00129765 0.000174509
0.00630955 0.0016338 0.000177534
0.00794335 0.00205665 0.000181054
0.01 0.0025886 0.000185156
0.0125886 0.0032603 0.000189952
0.0158489 0.004104 0.000195566
0.0199529 0.0051663 0.000202148
0.0251192 0.0065037 0.000209879
0.0316229 0.0081881 0.00021897
0.039811 0.010308 0.000229675
0.050119 0.0129765 0.000242289
0.0630955 0.016337 0.000257162
0.0794325 0.0205675 0.000274694
0.1 0.025886 0.000295334
0.125886 0.032602 0.0003196
0.158488 0.041041 0.000348006
0.199529 0.051662 0.000381063
0.251191 0.065038 0.00041919
0.316229 0.081881 0.000462601
0.39811 0.10308 0.000511121
0.50119 0.129775 0.000563955
0.630965 0.16336 0.00061938
0.794325 0.205675 0.000674478
1 0.25886 0.000724862
1.25886 0.32603 0.000764813
1.58489 0.4104 0.000787668
1.99529 0.51662 0.000787135
2.51191 0.65039 0.000759204
3.1623 0.8188 0.000704455
3.9811 1.0308 0.000629735
5.0119 1.29765 0.000547741
6.30955 1.6338 0.000473462
7.94335 2.05665 0.000418466
10 2.5897 0.000386324
12.5897 3.2592 0.000373224
15.8489 4.1039 0.000373739
19.9528 5.1663 0.000387125
25.1191 6.5038 0.000419138
31.6229 8.1881 0.000478829
39.811 10.308 0.000572322
50.119 12.9765 0.000695806
63.0955 16.338 0.000831099
79.4335 20.5665 0.00094778
100 25.887 0.00101335
125.887 32.601 0.00100641
158.488 41.04 0.000924937
199.528 51.663 0.000784995
251.191 65.038 0.000612982
316.229 81.881 0.000438648
398.11 103.08 0.000288903
501.19 129.775 0.0001792
630.965 163.37 0.000109148
794.335 205.665 6.82923e-05
1000 258.86 4.50764e-05
1258.86 326.03 3.13481e-05
1584.89 410.39 2.25863e-05
1995.28 516.64 1.65696e-05
2511.92 650.38 1.22423e-05
3162.3 818.8 9.06238e-06
3981.1 1030.8 6.70816e-06
5011.9 1297.75 4.96257e-06
6309.65 1633.7 3.66898e-06
7943.35 2056.65 2.71116e-06
10000 2588.7 2.0027e-06
12588.7 3260.1 1.47868e-06
15848.8 4104 1.09156e-06
19952.8 5166.4 8.05673e-07
25119.2 6503.7 5.94595e-07
31622.9 8188.1 4.38783e-07
39811 10308 3.23791e-07
50119 12977.5 2.38932e-07
63096.5 16336 1.76323e-07
79432.5 20567.5 1.30123e-07
100000 25886 9.60408e-08
125886 32602 7.08819e-08
158488 41040 5.23208e-08
199528 51664 3.86254e-08
251192 65038 2.85185e-08
316230 81880 2.10589e-08
398110 103080 1.55528e-08
501190 129775 1.1488e-08
630965 163360 8.4872e-09
794325 205675 6.27123e-09
1e+06 1.15886e+07 4.635e-09
1.25886e+07 3.2603e+06 3.4259e-09
1.58489e+07 4.104e+06 2.53283e-09
1.99529e+07 5.1662e+06 1.87301e-09
2.51191e+07 6.5039e+06 1.38541e-09
3.1623e+07 8.188e+06 1.02497e-09
3.9811e+07 1.0308e+07 7.58498e-10
5.0119e+07 1.29765e+07 5.61441e-10
