1e-09 2.6e-10 5.1905e-06
1.26e-09 3.2e-10 7.89513e-06
1.58e-09 4.2e-10 1.20244e-05
2e-09 5.1e-10 1.8311e-05
2.51e-09 6.5e-10 2.78415e-05
3.16e-09 8.2e-10 4.21988e-05
3.98e-09 1.03e-09 6.36339e-05
5.01e-09 1.3e-09 9.52514e-05
6.31e-09 1.63e-09 0.000141133
7.94e-09 2.06e-09 0.000206324
1e-08 2.6e-09 0.000296336
1.26e-08 3.2e-09 0.000416158
1.58e-08 4.2e-09 0.000567751
2e-08 5.1e-09 0.000746657
2.51e-08 6.5e-09 0.000937515
3.16e-08 8.2e-09 0.00111064
3.98e-08 1.03e-08 0.00122349
5.01e-08 1.3e-08 0.00123179
6.31e-08 1.63e-08 0.00111148
7.94e-08 2.06e-08 0.000882389
1e-07 2.6e-08 0.000612478
1.26e-07 3.2e-08 0.000386492
1.58e-07 4.2e-08 0.000254303
2e-07 5.1e-08 0.000207618
2.51e-07 6.5e-08 0.000206381
3.16e-07 8.2e-08 0.000218619
3.98e-07 1.03e-07 0.000231794
5.01e-07 1.3e-07 0.000243401
6.31e-07 1.63e-07 0.000253291
7.94e-07 2.06e-07 0.000261621
1e-06 2.6e-07 0.000268588
1.26e-06 3.2e-07 0.000274403
1.58e-06 4.2e-07 0.000279255
2e-06 5.1e-07 0.000283318
2.51e-06 6.5e-07 0.000286742
3.16e-06 8.2e-07 0.000289653
3.98e-06 1.03e-06 0.000292152
5.01e-06 1.3e-06 0.000294324
6.31e-06 1.63e-06 0.000296234
7.94e-06 2.06e-06 0.000297936
1e-05 2.6e-06 0.000299473
1.26e-05 3.2e-06 0.000300878
1.58e-05 4.2e-06 0.000302179
2e-05 5.1e-06 0.000303397
2.51e-05 6.5e-06 0.000304551
3.16e-05 8.2e-06 0.000305655
3.98e-05 1.03e-05 0.000306722
5.01e-05 1.3e-05 0.000307764
6.31e-05 1.63e-05 0.000308793
7.94e-05 2.06e-05 0.000309817
0.0001 2.5897e-05 0.000310848
0.000125897 3.2591e-05 0.000311895
0.000158488 4.1041e-05 0.000312971
0.000199529 5.1662e-05 0.000314088
0.000251191 6.5038e-05 0.000315259
0.000316229 8.1881e-05 0.000316501
0.00039811 0.00010308 0.00031783
0.00050119 0.000129765 0.000319268
0.000630955 0.00016338 0.000320837
0.000794335 0.000205665 0.000322563
0.001 0.00025896 0.000324479
0.00125896 0.00032592 0.00032662
0.00158488 0.00041041 0.000329027
0.00199529 0.00051662 0.000331749
0.00251191 0.00065039 0.000334841
0.0031623 0.0008188 0.000338369
0.0039811 0.0010308 0.000342409
0.0050119 0.00129765 0.000347048
0.00630955 0.0016338 0.000352389
0.00794335 0.00205665 0.000358549
0.01 0.0025886 0.000365665
0.0125886 0.0032603 0.000373902
0.0158489 0.004104 0.000383438
0.0199529 0.0051663 0.000394487
0.0251192 0.0065037 0.00040729
0.0316229 0.0081881 0.000422127
0.039811 0.010308 0.000439307
0.050119 0.0129765 0.000459177
0.0630955 0.016337 0.000482119
0.0794325 0.0205675 0.000508534
0.1 0.025886 0.000538818
0.125886 0.032602 0.00057338
0.158488 0.041041 0.000612511
0.199529 0.051662 0.000656374
0.251191 0.065038 0.000704883
0.316229 0.081881 0.000757556
0.39811 0.10308 0.000813321
0.50119 0.129775 0.000870303
0.630965 0.16336 0.000925584
0.794325 0.205675 0.000975055
1 0.25886 0.00101334
1.25886 0.32603 0.00103417
1.58489 0.4104 0.00103107
1.99529 0.51662 0.000998871
2.51191 0.65039 0.000935696
3.1623 0.8188 0.000845064
3.9811 1.0308 0.000737039
5.0119 1.29765 0.000627019
6.30955 1.6338 0.000531416
7.94335 2.05665 0.000461624
10 2.5897 0.000419786
12.5897 3.2592 0.000400302
15.8489 4.1039 0.000396399
19.9528 5.1663 0.000406702
25.1191 6.5038 0.00043679
31.6229 8.1881 0.0004956
39.811 10.308 0.000588975
50.119 12.9765 0.000712609
63.0955 16.338 0.000847744
79.4335 20.5665 0.000963512
100 25.887 0.00102728
125.887 32.601 0.00101786
158.488 41.04 0.000933653
199.528 51.663 0.000791115
251.191 65.038 0.000616936
316.229 81.881 0.000440988
398.11 103.08 0.000290177
501.19 129.775 0.000179853
630.965 163.37 0.000109477
794.335 205.665 6.84625e-05
1000 258.86 4.51692e-05
1258.86 326.03 3.14015e-05
1584.89 410.39 2.2618e-05
1995.28 516.64 1.65889e-05
2511.92 650.38 1.22541e-05
3162.3 818.8 9.06958e-06
3981.1 1030.8 6.71256e-06
5011.9 1297.75 4.96526e-06
6309.65 1633.7 3.67063e-06
7943.35 2056.65 2.71216e-06
10000 2588.7 2.00331e-06
12588.7 3260.1 1.47906e-06
15848.8 4104 1.09179e-06
19952.8 5166.4 8.05812e-07
25119.2 6503.7 5.9468e-07
31622.9 8188.1 4.38835e-07
39811 10308 3.23823e-07
50119 12977.5 2.38952e-07
63096.5 16336 1.76335e-07
79432.5 20567.5 1.3013e-07
100000 25886 9.60451e-08
125886 32602 7.08846e-08
158488 41040 5.23225e-08
199528 51664 3.86264e-08
251192 65038 2.85191e-08
316230 81880 2.10593e-08
398110 103080 1.5553e-08
501190 129775 1.14881e-08
630965 163360 8.48729e-09
794325 205675 6.27128e-09
1e+06 1.15886e+07 4.63503e-09
1.25886e+07 3.2603e+06 3.42592e-09
1.58489e+07 4.104e+06 2.53284e-09
1.99529e+07 5.1662e+06 1.87302e-09
2.51191e+07 6.5039e+06 1.38541e-09
3.1623e+07 8.188e+06 1.02497e-09
3.9811e+07 1.0308e+07 7.585e-10
5.0119e+07 1.29765e+07 5.61442e-10
