1e-09 2.6e-10 4.5174e-06
1.26e-09 3.2e-10 6.93655e-06
1.58e-09 4.2e-10 1.0652e-05
2e-09 5.1e-10 1.63373e-05
2.51e-09 6.5e-10 2.49933e-05
3.16e-09 8.2e-10 3.80799e-05
3.98e-09 1.03e-09 5.7676e-05
5.01e-09 1.3e-09 8.66514e-05
6.31e-09 1.63e-09 0.000128781
7.94e-09 2.06e-09 0.000188728
1e-08 2.6e-09 0.000271585
1.26e-08 3.2e-09 0.000381946
1.58e-08 4.2e-09 0.000521568
2e-08 5.1e-09 0.000686211
2.51e-08 6.5e-09 0.000861459
3.16e-08 8.2e-09 0.00101953
3.98e-08 1.03e-08 0.00112068
5.01e-08 1.3e-08 0.00112355
6.31e-08 1.63e-08 0.00100574
7.94e-08 2.06e-08 0.000785853
1e-07 2.6e-08 0.000527504
1.26e-07 3.2e-08 0.000310002
1.58e-07 4.2e-08 0.000180123
2e-07 5.1e-08 0.000130337
2.51e-07 6.5e-08 0.000123422
3.16e-07 8.2e-08 0.000129647
3.98e-07 1.03e-07 0.000137364
5.01e-07 1.3e-07 0.000144239
6.31e-07 1.63e-07 0.000150099
7.94e-07 2.06e-07 0.000155036
1e-06 2.6e-07 0.000159165
1.26e-06 3.2e-07 0.000162611
1.58e-06 4.2e-07 0.000165487
2e-06 5.1e-07 0.000167895
2.51e-06 6.5e-07 0.000169925
3.16e-06 8.2e-07 0.00017165
3.98e-06 1.03e-06 0.000173132
5.01e-06 1.3e-06 0.00017442
6.31e-06 1.63e-06 0.000175553
7.94e-06 2.06e-06 0.000176563
1e-05 2.6e-06 0.000177475
1.26e-05 3.2e-06 0.00017831
1.58e-05 4.2e-06 0.000179083
2e-05 5.1e-06 0.000179807
2.51e-05 6.5e-06 0.000180494
3.16e-05 8.2e-06 0.000181153
3.98e-05 1.03e-05 0.00018179
5.01e-05 1.3e-05 0.000182414
6.31e-05 1.63e-05 0.000183031
7.94e-05 2.06e-05 0.000183647
0.0001 2.5897e-05 0.000184268
0.000125897 3.2591e-05 0.000184902
0.000158488 4.1041e-05 0.000185556
0.000199529 5.1662e-05 0.000186237
0.000251191 6.5038e-05 0.000186955
0.000316229 8.1881e-05 0.000187719
0.00039811 0.00010308 0.000188542
0.00050119 0.000129765 0.000189435
0.000630955 0.00016338 0.000190416
0.000794335 0.000205665 0.000191502
0.001 0.00025896 0.000192713
0.00125896 0.00032592 0.000194074
0.00158488 0.00041041 0.000195613
0.00199529 0.00051662 0.000197363
0.00251191 0.00065039 0.000199364
0.0031623 0.0008188 0.000201661
0.0039811 0.0010308 0.000204308
0.0050119 0.00129765 0.000207368
0.00630955 0.0016338 0.000210916
0.00794335 0.00205665 0.000215039
0.01 0.0025886 0.00021984
0.0125886 0.0032603 0.000225446
0.0158489 0.004104 0.000232
0.0199529 0.0051663 0.000239673
0.0251192 0.0065037 0.000248668
0.0316229 0.0081881 0.000259225
0.039811 0.010308 0.000271625
0.050119 0.0129765 0.000286195
0.0630955 0.016337 0.000303316
0.0794325 0.0205675 0.000323417
0.1 0.025886 0.000346967
0.125886 0.032602 0.000374498
0.158488 0.041041 0.000406509
0.199529 0.051662 0.000443463
0.251191 0.065038 0.000485687
0.316229 0.081881 0.000533232
0.39811 0.10308 0.000585679
0.50119 0.129775 0.000641904
0.630965 0.16336 0.00069977
0.794325 0.205675 0.000755889
1 0.25886 0.000805415
1.25886 0.32603 0.000842262
1.58489 0.4104 0.000859616
1.99529 0.51662 0.00085135
2.51191 0.65039 0.000814003
3.1623 0.8188 0.000749048
3.9811 1.0308 0.000664415
5.0119 1.29765 0.000573794
6.30955 1.6338 0.000492787
7.94335 2.05665 0.00043304
10 2.5897 0.000397746
12.5897 3.2592 0.000382554
15.8489 4.1039 0.000381608
19.9528 5.1663 0.000393969
25.1191 6.5038 0.000425344
31.6229 8.1881 0.000484754
39.811 10.308 0.000578228
50.119 12.9765 0.000701786
63.0955 16.338 0.000837039
79.4335 20.5665 0.000953408
100 25.887 0.00101834
125.887 32.601 0.00101052
158.488 41.04 0.000928071
199.528 51.663 0.000787198
251.191 65.038 0.000614407
316.229 81.881 0.000439492
398.11 103.08 0.000289363
501.19 129.775 0.000179436
630.965 163.37 0.000109267
794.335 205.665 6.83539e-05
1000 258.86 4.51099e-05
1258.86 326.03 3.13674e-05
1584.89 410.39 2.25978e-05
1995.28 516.64 1.65766e-05
2511.92 650.38 1.22466e-05
3162.3 818.8 9.06499e-06
3981.1 1030.8 6.70975e-06
5011.9 1297.75 4.96355e-06
6309.65 1633.7 3.66958e-06
7943.35 2056.65 2.71152e-06
10000 2588.7 2.00292e-06
12588.7 3260.1 1.47882e-06
15848.8 4104 1.09164e-06
19952.8 5166.4 8.05723e-07
25119.2 6503.7 5.94626e-07
31622.9 8188.1 4.38802e-07
39811 10308 3.23803e-07
50119 12977.5 2.38939e-07
63096.5 16336 1.76327e-07
79432.5 20567.5 1.30126e-07
100000 25886 9.60423e-08
125886 32602 7.08829e-08
158488 41040 5.23214e-08
199528 51664 3.86258e-08
251192 65038 2.85187e-08
316230 81880 2.1059e-08
398110 103080 1.55529e-08
501190 129775 1.1488e-08
630965 163360 8.48723e-09
794325 205675 6.27124e-09
1e+06 1.15886e+07 4.63501e-09
1.25886e+07 3.2603e+06 3.4259e-09
1.58489e+07 4.104e+06 2.53283e-09
1.99529e+07 5.1662e+06 1.87302e-09
2.51191e+07 6.5039e+06 1.38541e-09
3.1623e+07 8.188e+06 1.02497e-09
3.9811e+07 1.0308e+07 7.58499e-10
5.0119e+07 1.29765e+07 5.61441e-10
