1e-09 2.6e-10 4.67423e-06
1.26e-09 3.2e-10 7.17048e-06
1.58e-09 4.2e-10 1.10021e-05
2e-09 5.1e-10 1.68622e-05
2.51e-09 6.5e-10 2.57805e-05
3.16e-09 8.2e-10 3.9259e-05
3.98e-09 1.03e-09 5.94362e-05
5.01e-09 1.3e-09 8.92636e-05
6.31e-09 1.63e-09 0.000132624
7.94e-09 2.06e-09 0.000194313
1e-08 2.6e-09 0.00027957
1.26e-08 3.2e-09 0.000393121
1.58e-08 4.2e-09 0.000536778
2e-08 5.1e-09 0.000706194
2.51e-08 6.5e-09 0.000886561
3.16e-08 8.2e-09 0.00104934
3.98e-08 1.03e-08 0.00115369
5.01e-08 1.3e-08 0.00115712
6.31e-08 1.63e-08 0.0010366
7.94e-08 2.06e-08 0.000811247
1e-07 2.6e-08 0.000546403
1.26e-07 3.2e-08 0.000323549
1.58e-07 4.2e-08 0.000190726
2e-07 5.1e-08 0.000140178
2.51e-07 6.5e-08 0.00013364
3.16e-07 8.2e-08 0.000140548
3.98e-07 1.03e-07 0.000148929
5.01e-07 1.3e-07 0.000156383
6.31e-07 1.63e-07 0.000162737
7.94e-07 2.06e-07 0.000168089
1e-06 2.6e-07 0.000172566
1.26e-06 3.2e-07 0.000176302
1.58e-06 4.2e-07 0.00017942
2e-06 5.1e-07 0.000182031
2.51e-06 6.5e-07 0.000184231
3.16e-06 8.2e-07 0.000186102
3.98e-06 1.03e-06 0.000187708
5.01e-06 1.3e-06 0.000189104
6.31e-06 1.63e-06 0.000190333
7.94e-06 2.06e-06 0.000191427
1e-05 2.6e-06 0.000192416
1.26e-05 3.2e-06 0.000193321
1.58e-05 4.2e-06 0.000194159
2e-05 5.1e-06 0.000194945
2.51e-05 6.5e-06 0.000195689
3.16e-05 8.2e-06 0.000196402
3.98e-05 1.03e-05 0.000197093
5.01e-05 1.3e-05 0.000197769
6.31e-05 1.63e-05 0.000198436
7.94e-05 2.06e-05 0.000199103
0.0001 2.5897e-05 0.000199776
0.000125897 3.2591e-05 0.000200462
0.000158488 4.1041e-05 0.000201169
0.000199529 5.1662e-05 0.000201905
0.000251191 6.5038e-05 0.000202681
0.000316229 8.1881e-05 0.000203506
0.00039811 0.00010308 0.000204394
0.00050119 0.000129765 0.000205359
0.000630955 0.00016338 0.000206416
0.000794335 0.000205665 0.000207586
0.001 0.00025896 0.000208891
0.00125896 0.00032592 0.000210357
0.00158488 0.00041041 0.000212013
0.00199529 0.00051662 0.000213896
0.00251191 0.00065039 0.000216047
0.0031623 0.0008188 0.000218516
0.0039811 0.0010308 0.000221358
0.0050119 0.00129765 0.000224642
0.00630955 0.0016338 0.000228446
0.00794335 0.00205665 0.000232865
0.01 0.0025886 0.000238007
0.0125886 0.0032603 0.000244006
0.0158489 0.004104 0.000251012
0.0199529 0.0051663 0.000259205
0.0251192 0.0065037 0.000268798
0.0316229 0.0081881 0.000280043
0.039811 0.010308 0.00029323
0.050119 0.0129765 0.000308696
0.0630955 0.016337 0.000326832
0.0794325 0.0205675 0.000348075
0.1 0.025886 0.000372895
0.125886 0.032602 0.000401818
0.158488 0.041041 0.000435326
0.199529 0.051662 0.000473848
0.251191 0.065038 0.000517653
0.316229 0.081881 0.000566709
0.39811 0.10308 0.000620483
0.50119 0.129775 0.000677705
0.630965 0.16336 0.000736068
0.794325 0.205675 0.000792011
1 0.25886 0.00084053
1.25886 0.32603 0.000875438
1.58489 0.4104 0.000889915
1.99529 0.51662 0.000877956
2.51191 0.65039 0.000836363
3.1623 0.8188 0.000766988
3.9811 1.0308 0.000678189
5.0119 1.29765 0.000584022
6.30955 1.6338 0.000500296
7.94335 2.05665 0.000438651
10 2.5897 0.00040211
12.5897 3.2592 0.000386094
15.8489 4.1039 0.000384577
19.9528 5.1663 0.000396538
25.1191 6.5038 0.000427663
31.6229 8.1881 0.00048696
39.811 10.308 0.000580421
50.119 12.9765 0.000704
63.0955 16.338 0.000839234
79.4335 20.5665 0.000955484
100 25.887 0.00102018
125.887 32.601 0.00101203
158.488 41.04 0.000929222
199.528 51.663 0.000788007
251.191 65.038 0.000614929
316.229 81.881 0.000439802
398.11 103.08 0.000289532
501.19 129.775 0.000179522
630.965 163.37 0.00010931
794.335 205.665 6.83764e-05
1000 258.86 4.51222e-05
1258.86 326.03 3.13745e-05
1584.89 410.39 2.2602e-05
1995.28 516.64 1.65791e-05
2511.92 650.38 1.22481e-05
3162.3 818.8 9.06594e-06
3981.1 1030.8 6.71034e-06
5011.9 1297.75 4.9639e-06
6309.65 1633.7 3.6698e-06
7943.35 2056.65 2.71165e-06
10000 2588.7 2.003e-06
12588.7 3260.1 1.47887e-06
15848.8 4104 1.09167e-06
19952.8 5166.4 8.05741e-07
25119.2 6503.7 5.94637e-07
31622.9 8188.1 4.38809e-07
39811 10308 3.23807e-07
50119 12977.5 2.38942e-07
63096.5 16336 1.76329e-07
79432.5 20567.5 1.30126e-07
100000 25886 9.60429e-08
125886 32602 7.08833e-08
158488 41040 5.23216e-08
199528 51664 3.86259e-08
251192 65038 2.85188e-08
316230 81880 2.10591e-08
398110 103080 1.55529e-08
501190 129775 1.1488e-08
630965 163360 8.48724e-09
794325 205675 6.27125e-09
1e+06 1.15886e+07 4.63501e-09
1.25886e+07 3.2603e+06 3.42591e-09
1.58489e+07 4.104e+06 2.53283e-09
1.99529e+07 5.1662e+06 1.87302e-09
2.51191e+07 6.5039e+06 1.38541e-09
3.1623e+07 8.188e+06 1.02497e-09
3.9811e+07 1.0308e+07 7.58499e-10
5.0119e+07 1.29765e+07 5.61441e-10
