1e-09 2.6e-10 3.7786e-06
1.26e-09 3.2e-10 5.81506e-06
1.58e-09 4.2e-10 8.947e-06
2e-09 5.1e-10 1.37449e-05
2.51e-09 6.5e-10 2.1057e-05
3.16e-09 8.2e-10 3.21206e-05
3.98e-09 1.03e-09 4.86986e-05
5.01e-09 1.3e-09 7.32244e-05
6.31e-09 1.63e-09 0.0001089
7.94e-09 2.06e-09 0.00015968
1e-08 2.6e-09 0.000229883
1.26e-08 3.2e-09 0.0003234
1.58e-08 4.2e-09 0.000441713
2e-08 5.1e-09 0.000581203
2.51e-08 6.5e-09 0.000729603
3.16e-08 8.2e-09 0.000863293
3.98e-08 1.03e-08 0.000948475
5.01e-08 1.3e-08 0.000950012
6.31e-08 1.63e-08 0.00084887
7.94e-08 2.06e-08 0.000660881
1e-07 2.6e-08 0.000440133
1.26e-07 3.2e-08 0.000254071
1.58e-07 4.2e-08 0.000142491
2e-07 5.1e-08 9.90302e-05
2.51e-07 6.5e-08 9.20882e-05
3.16e-07 8.2e-08 9.64163e-05
3.98e-07 1.03e-07 0.000102128
5.01e-07 1.3e-07 0.000107238
6.31e-07 1.63e-07 0.000111595
7.94e-07 2.06e-07 0.000115265
1e-06 2.6e-07 0.000118335
1.26e-06 3.2e-07 0.000120897
1.58e-06 4.2e-07 0.000123035
2e-06 5.1e-07 0.000124826
2.51e-06 6.5e-07 0.000126335
3.16e-06 8.2e-07 0.000127618
3.98e-06 1.03e-06 0.00012872
5.01e-06 1.3e-06 0.000129677
6.31e-06 1.63e-06 0.00013052
7.94e-06 2.06e-06 0.000131271
1e-05 2.6e-06 0.000131949
1.26e-05 3.2e-06 0.00013257
1.58e-05 4.2e-06 0.000133145
2e-05 5.1e-06 0.000133685
2.51e-05 6.5e-06 0.000134196
3.16e-05 8.2e-06 0.000134686
3.98e-05 1.03e-05 0.000135161
5.01e-05 1.3e-05 0.000135625
6.31e-05 1.63e-05 0.000136085
7.94e-05 2.06e-05 0.000136544
0.0001 2.5897e-05 0.000137008
0.000125897 3.2591e-05 0.000137481
0.000158488 4.1041e-05 0.000137969
0.000199529 5.1662e-05 0.000138478
0.000251191 6.5038e-05 0.000139014
0.000316229 8.1881e-05 0.000139586
0.00039811 0.00010308 0.000140202
0.00050119 0.000129765 0.000140872
0.000630955 0.00016338 0.000141608
0.000794335 0.000205665 0.000142422
0.001 0.00025896 0.000143332
0.00125896 0.00032592 0.000144355
0.00158488 0.00041041 0.000145513
0.00199529 0.00051662 0.00014683
0.00251191 0.00065039 0.000148338
0.0031623 0.0008188 0.00015007
0.0039811 0.0010308 0.000152067
0.0050119 0.00129765 0.000154378
0.00630955 0.0016338 0.00015706
0.00794335 0.00205665 0.00016018
0.01 0.0025886 0.000163818
0.0125886 0.0032603 0.000168072
0.0158489 0.004104 0.000173053
0.0199529 0.0051663 0.000178895
0.0251192 0.0065037 0.000185759
0.0316229 0.0081881 0.000193837
0.039811 0.010308 0.000203356
0.050119 0.0129765 0.000214584
0.0630955 0.016337 0.00022784
0.0794325 0.0205675 0.000243494
0.1 0.025886 0.000261964
0.125886 0.032602 0.000283741
0.158488 0.041041 0.000309323
0.199529 0.051662 0.000339227
0.251191 0.065038 0.00037391
0.316229 0.081881 0.000413671
0.39811 0.10308 0.000458489
0.50119 0.129775 0.000507803
0.630965 0.16336 0.000560215
0.794325 0.205675 0.000613209
1 0.25886 0.000662842
1.25886 0.32603 0.000703803
1.58489 0.4104 0.0007297
1.99529 0.51662 0.000734259
2.51191 0.65039 0.000713139
3.1623 0.8188 0.000666237
3.9811 1.0308 0.00059948
5.0119 1.29765 0.000524644
6.30955 1.6338 0.000456081
7.94335 2.05665 0.000405191
10 2.5897 0.000375801
12.5897 3.2592 0.000364546
15.8489 4.1039 0.000366358
19.9528 5.1663 0.000380658
25.1191 6.5038 0.000413239
31.6229 8.1881 0.000473169
39.811 10.308 0.000566654
50.119 12.9765 0.000690046
63.0955 16.338 0.00082536
79.4335 20.5665 0.000942329
100 25.887 0.0010085
125.887 32.601 0.0010024
158.488 41.04 0.000921885
199.528 51.663 0.000782846
251.191 65.038 0.000611591
316.229 81.881 0.000437824
398.11 103.08 0.000288453
501.19 129.775 0.000178969
630.965 163.37 0.000109031
794.335 205.665 6.82321e-05
1000 258.86 4.50434e-05
1258.86 326.03 3.13292e-05
1584.89 410.39 2.2575e-05
1995.28 516.64 1.65628e-05
2511.92 650.38 1.22382e-05
3162.3 818.8 9.05983e-06
3981.1 1030.8 6.70659e-06
5011.9 1297.75 4.96162e-06
6309.65 1633.7 3.6684e-06
7943.35 2056.65 2.7108e-06
10000 2588.7 2.00248e-06
12588.7 3260.1 1.47855e-06
15848.8 4104 1.09148e-06
19952.8 5166.4 8.05623e-07
25119.2 6503.7 5.94565e-07
31622.9 8188.1 4.38765e-07
39811 10308 3.2378e-07
50119 12977.5 2.38926e-07
63096.5 16336 1.76319e-07
79432.5 20567.5 1.3012e-07
100000 25886 9.60392e-08
125886 32602 7.0881e-08
158488 41040 5.23203e-08
199528 51664 3.86251e-08
251192 65038 2.85183e-08
316230 81880 2.10588e-08
398110 103080 1.55527e-08
501190 129775 1.14879e-08
630965 163360 8.48717e-09
794325 205675 6.27121e-09
1e+06 1.15886e+07 4.63499e-09
1.25886e+07 3.2603e+06 3.42589e-09
1.58489e+07 4.104e+06 2.53282e-09
1.99529e+07 5.1662e+06 1.87301e-09
2.51191e+07 6.5039e+06 1.3854e-09
3.1623e+07 8.188e+06 1.02497e-09
3.9811e+07 1.0308e+07 7.58498e-10
5.0119e+07 1.29765e+07 5.6144e-10
