1e-09 2.6e-10 3.73059e-06
1.26e-09 3.2e-10 5.7415e-06
1.58e-09 4.2e-10 8.83427e-06
2e-09 5.1e-10 1.35723e-05
2.51e-09 6.5e-10 2.07933e-05
3.16e-09 8.2e-10 3.17194e-05
3.98e-09 1.03e-09 4.80915e-05
5.01e-09 1.3e-09 7.23131e-05
6.31e-09 1.63e-09 0.000107546
7.94e-09 2.06e-09 0.000157698
1e-08 2.6e-09 0.000227031
1.26e-08 3.2e-09 0.000319391
1.58e-08 4.2e-09 0.00043624
2e-08 5.1e-09 0.000574003
2.51e-08 6.5e-09 0.000720564
3.16e-08 8.2e-09 0.000852594
3.98e-08 1.03e-08 0.000936708
5.01e-08 1.3e-08 0.000938203
6.31e-08 1.63e-08 0.000838279
7.94e-08 2.06e-08 0.000652575
1e-07 2.6e-08 0.000434512
1.26e-07 3.2e-08 0.000250709
1.58e-07 4.2e-08 0.000140471
2e-07 5.1e-08 9.75161e-05
2.51e-07 6.5e-08 9.06327e-05
3.16e-07 8.2e-08 9.48833e-05
3.98e-07 1.03e-07 0.000100503
5.01e-07 1.3e-07 0.000105532
6.31e-07 1.63e-07 0.00010982
7.94e-07 2.06e-07 0.000113432
1e-06 2.6e-07 0.000116453
1.26e-06 3.2e-07 0.000118974
1.58e-06 4.2e-07 0.000121078
2e-06 5.1e-07 0.00012284
2.51e-06 6.5e-07 0.000124325
3.16e-06 8.2e-07 0.000125588
3.98e-06 1.03e-06 0.000126672
5.01e-06 1.3e-06 0.000127614
6.31e-06 1.63e-06 0.000128443
7.94e-06 2.06e-06 0.000129183
1e-05 2.6e-06 0.00012985
1.26e-05 3.2e-06 0.000130461
1.58e-05 4.2e-06 0.000131027
2e-05 5.1e-06 0.000131558
2.51e-05 6.5e-06 0.000132061
3.16e-05 8.2e-06 0.000132543
3.98e-05 1.03e-05 0.00013301
5.01e-05 1.3e-05 0.000133468
6.31e-05 1.63e-05 0.00013392
7.94e-05 2.06e-05 0.000134372
0.0001 2.5897e-05 0.000134828
0.000125897 3.2591e-05 0.000135294
0.000158488 4.1041e-05 0.000135774
0.000199529 5.1662e-05 0.000136275
0.000251191 6.5038e-05 0.000136803
0.000316229 8.1881e-05 0.000137366
0.00039811 0.00010308 0.000137972
0.00050119 0.000129765 0.000138631
0.000630955 0.00016338 0.000139355
0.000794335 0.000205665 0.000140157
0.001 0.00025896 0.000141052
0.00125896 0.00032592 0.000142058
0.00158488 0.00041041 0.000143198
0.00199529 0.00051662 0.000144494
0.00251191 0.00065039 0.000145977
0.0031623 0.0008188 0.000147681
0.0039811 0.0010308 0.000149647
0.0050119 0.00129765 0.00015192
0.00630955 0.0016338 0.000154559
0.00794335 0.00205665 0.000157629
0.01 0.0025886 0.000161208
0.0125886 0.0032603 0.000165394
0.0158489 0.004104 0.000170293
0.0199529 0.0051663 0.000176041
0.0251192 0.0065037 0.000182794
0.0316229 0.0081881 0.000190742
0.039811 0.010308 0.000200107
0.050119 0.0129765 0.000211156
0.0630955 0.016337 0.000224201
0.0794325 0.0205675 0.000239608
0.1 0.025886 0.000257789
0.125886 0.032602 0.000279231
0.158488 0.041041 0.000304431
0.199529 0.051662 0.000333901
0.251191 0.065038 0.000368102
0.316229 0.081881 0.000407343
0.39811 0.10308 0.00045162
0.50119 0.129775 0.000500401
0.630965 0.16336 0.000552332
0.794325 0.205675 0.000604954
1 0.25886 0.000654387
1.25886 0.32603 0.000695387
1.58489 0.4104 0.000721609
1.99529 0.51662 0.000726793
2.51191 0.65039 0.000706562
3.1623 0.8188 0.000660723
3.9811 1.0308 0.000595073
5.0119 1.29765 0.000521249
6.30955 1.6338 0.000453507
7.94335 2.05665 0.00040321
10 2.5897 0.000374222
12.5897 3.2592 0.000363236
15.8489 4.1039 0.000365239
19.9528 5.1663 0.000379674
25.1191 6.5038 0.000412337
31.6229 8.1881 0.000472301
39.811 10.308 0.000565783
50.119 12.9765 0.00068916
63.0955 16.338 0.000824475
79.4335 20.5665 0.000941487
100 25.887 0.00100775
125.887 32.601 0.00100179
158.488 41.04 0.000921412
199.528 51.663 0.000782513
251.191 65.038 0.000611375
316.229 81.881 0.000437696
398.11 103.08 0.000288383
501.19 129.775 0.000178933
630.965 163.37 0.000109013
794.335 205.665 6.82227e-05
1000 258.86 4.50383e-05
1258.86 326.03 3.13262e-05
1584.89 410.39 2.25732e-05
1995.28 516.64 1.65617e-05
2511.92 650.38 1.22375e-05
3162.3 818.8 9.05943e-06
3981.1 1030.8 6.70635e-06
5011.9 1297.75 4.96147e-06
6309.65 1633.7 3.66831e-06
7943.35 2056.65 2.71075e-06
10000 2588.7 2.00245e-06
12588.7 3260.1 1.47853e-06
15848.8 4104 1.09147e-06
19952.8 5166.4 8.05615e-07
25119.2 6503.7 5.9456e-07
31622.9 8188.1 4.38762e-07
39811 10308 3.23778e-07
50119 12977.5 2.38924e-07
63096.5 16336 1.76318e-07
79432.5 20567.5 1.3012e-07
100000 25886 9.6039e-08
125886 32602 7.08808e-08
158488 41040 5.23202e-08
199528 51664 3.8625e-08
251192 65038 2.85183e-08
316230 81880 2.10588e-08
398110 103080 1.55527e-08
501190 129775 1.14879e-08
630965 163360 8.48717e-09
794325 205675 6.2712e-09
1e+06 1.15886e+07 4.63498e-09
1.25886e+07 3.2603e+06 3.42589e-09
1.58489e+07 4.104e+06 2.53282e-09
1.99529e+07 5.1662e+06 1.87301e-09
2.51191e+07 6.5039e+06 1.3854e-09
3.1623e+07 8.188e+06 1.02497e-09
3.9811e+07 1.0308e+07 7.58498e-10
5.0119e+07 1.29765e+07 5.6144e-10
