1e-09 2.6e-10 4.62074e-06
1.26e-09 3.2e-10 7.09096e-06
1.58e-09 4.2e-10 1.08834e-05
2e-09 5.1e-10 1.66848e-05
2.51e-09 6.5e-10 2.55151e-05
3.16e-09 8.2e-10 3.88624e-05
3.98e-09 1.03e-09 5.88453e-05
5.01e-09 1.3e-09 8.8388e-05
6.31e-09 1.63e-09 0.000131337
7.94e-09 2.06e-09 0.000192446
1e-08 2.6e-09 0.000276903
1.26e-08 3.2e-09 0.00038939
1.58e-08 4.2e-09 0.000531703
2e-08 5.1e-09 0.000699528
2.51e-08 6.5e-09 0.000878186
3.16e-08 8.2e-09 0.00103939
3.98e-08 1.03e-08 0.00114266
5.01e-08 1.3e-08 0.00114588
6.31e-08 1.63e-08 0.00102623
7.94e-08 2.06e-08 0.000802659
1e-07 2.6e-08 0.000539934
1.26e-07 3.2e-08 0.00031882
1.58e-07 4.2e-08 0.000186941
2e-07 5.1e-08 0.000136615
2.51e-07 6.5e-08 0.000129924
3.16e-07 8.2e-08 0.00013658
3.98e-07 1.03e-07 0.00014472
5.01e-07 1.3e-07 0.000151963
6.31e-07 1.63e-07 0.000158138
7.94e-07 2.06e-07 0.000163339
1e-06 2.6e-07 0.000167689
1.26e-06 3.2e-07 0.000171319
1.58e-06 4.2e-07 0.000174349
2e-06 5.1e-07 0.000176886
2.51e-06 6.5e-07 0.000179024
3.16e-06 8.2e-07 0.000180842
3.98e-06 1.03e-06 0.000182403
5.01e-06 1.3e-06 0.00018376
6.31e-06 1.63e-06 0.000184953
7.94e-06 2.06e-06 0.000186017
1e-05 2.6e-06 0.000186978
1.26e-05 3.2e-06 0.000187858
1.58e-05 4.2e-06 0.000188672
2e-05 5.1e-06 0.000189435
2.51e-05 6.5e-06 0.000190159
3.16e-05 8.2e-06 0.000190852
3.98e-05 1.03e-05 0.000191524
5.01e-05 1.3e-05 0.00019218
6.31e-05 1.63e-05 0.00019283
7.94e-05 2.06e-05 0.000193478
0.0001 2.5897e-05 0.000194132
0.000125897 3.2591e-05 0.000194799
0.000158488 4.1041e-05 0.000195487
0.000199529 5.1662e-05 0.000196203
0.000251191 6.5038e-05 0.000196958
0.000316229 8.1881e-05 0.000197761
0.00039811 0.00010308 0.000198625
0.00050119 0.000129765 0.000199564
0.000630955 0.00016338 0.000200594
0.000794335 0.000205665 0.000201734
0.001 0.00025896 0.000203005
0.00125896 0.00032592 0.000204432
0.00158488 0.00041041 0.000206047
0.00199529 0.00051662 0.000207882
0.00251191 0.00065039 0.000209979
0.0031623 0.0008188 0.000212386
0.0039811 0.0010308 0.000215158
0.0050119 0.00129765 0.000218361
0.00630955 0.0016338 0.000222074
0.00794335 0.00205665 0.000226387
0.01 0.0025886 0.000231407
0.0125886 0.0032603 0.000237265
0.0158489 0.004104 0.00024411
0.0199529 0.0051663 0.000252118
0.0251192 0.0065037 0.000261499
0.0316229 0.0081881 0.000272499
0.039811 0.010308 0.000285408
0.050119 0.0129765 0.000300558
0.0630955 0.016337 0.000318337
0.0794325 0.0205675 0.000339179
0.1 0.025886 0.000363557
0.125886 0.032602 0.000391996
0.158488 0.041041 0.000424988
0.199529 0.051662 0.000462972
0.251191 0.065038 0.000506241
0.316229 0.081881 0.000554791
0.39811 0.10308 0.00060813
0.50119 0.129775 0.000665038
0.630965 0.16336 0.000723268
0.794325 0.205675 0.000779316
1 0.25886 0.000828231
1.25886 0.32603 0.000863857
1.58489 0.4104 0.000879372
1.99529 0.51662 0.000868726
2.51191 0.65039 0.000828628
3.1623 0.8188 0.000760799
3.9811 1.0308 0.000673448
5.0119 1.29765 0.000580509
6.30955 1.6338 0.000497721
7.94335 2.05665 0.00043673
10 2.5897 0.000400619
12.5897 3.2592 0.000384885
15.8489 4.1039 0.000383564
19.9528 5.1663 0.000395663
25.1191 6.5038 0.000426874
31.6229 8.1881 0.000486209
39.811 10.308 0.000579675
50.119 12.9765 0.000703247
63.0955 16.338 0.000838489
79.4335 20.5665 0.000954779
100 25.887 0.00101955
125.887 32.601 0.00101152
158.488 41.04 0.000928832
199.528 51.663 0.000787732
251.191 65.038 0.000614752
316.229 81.881 0.000439697
398.11 103.08 0.000289474
501.19 129.775 0.000179493
630.965 163.37 0.000109295
794.335 205.665 6.83687e-05
1000 258.86 4.51181e-05
1258.86 326.03 3.13721e-05
1584.89 410.39 2.26005e-05
1995.28 516.64 1.65783e-05
2511.92 650.38 1.22476e-05
3162.3 818.8 9.06562e-06
3981.1 1030.8 6.71014e-06
5011.9 1297.75 4.96378e-06
6309.65 1633.7 3.66972e-06
7943.35 2056.65 2.71161e-06
10000 2588.7 2.00298e-06
12588.7 3260.1 1.47885e-06
15848.8 4104 1.09166e-06
19952.8 5166.4 8.05735e-07
25119.2 6503.7 5.94633e-07
31622.9 8188.1 4.38807e-07
39811 10308 3.23806e-07
50119 12977.5 2.38941e-07
63096.5 16336 1.76328e-07
79432.5 20567.5 1.30126e-07
100000 25886 9.60427e-08
125886 32602 7.08831e-08
158488 41040 5.23216e-08
199528 51664 3.86259e-08
251192 65038 2.85188e-08
316230 81880 2.10591e-08
398110 103080 1.55529e-08
501190 129775 1.1488e-08
630965 163360 8.48724e-09
794325 205675 6.27125e-09
1e+06 1.15886e+07 4.63501e-09
1.25886e+07 3.2603e+06 3.4259e-09
1.58489e+07 4.104e+06 2.53283e-09
1.99529e+07 5.1662e+06 1.87302e-09
2.51191e+07 6.5039e+06 1.38541e-09
3.1623e+07 8.188e+06 1.02497e-09
3.9811e+07 1.0308e+07 7.58499e-10
5.0119e+07 1.29765e+07 5.61441e-10
