1e-09 2.6e-10 5.16541e-06
1.26e-09 3.2e-10 7.86564e-06
1.58e-09 4.2e-10 1.19911e-05
2e-09 5.1e-10 1.82758e-05
2.51e-09 6.5e-10 2.78083e-05
3.16e-09 8.2e-10 4.21748e-05
3.98e-09 1.03e-09 6.36313e-05
5.01e-09 1.3e-09 9.52898e-05
6.31e-09 1.63e-09 0.000141242
7.94e-09 2.06e-09 0.000206545
1e-08 2.6e-09 0.000296722
1.26e-08 3.2e-09 0.000416773
1.58e-08 4.2e-09 0.000568655
2e-08 5.1e-09 0.000747885
2.51e-08 6.5e-09 0.000939035
3.16e-08 8.2e-09 0.00111231
3.98e-08 1.03e-08 0.001225
5.01e-08 1.3e-08 0.00123268
6.31e-08 1.63e-08 0.00111121
7.94e-08 2.06e-08 0.000880503
1e-07 2.6e-08 0.00060878
1.26e-07 3.2e-08 0.000381118
1.58e-07 4.2e-08 0.000247597
2e-07 5.1e-08 0.00019992
2.51e-07 6.5e-08 0.000197913
3.16e-07 8.2e-08 0.000209503
3.98e-07 1.03e-07 0.000222116
5.01e-07 1.3e-07 0.000233238
6.31e-07 1.63e-07 0.000242715
7.94e-07 2.06e-07 0.000250697
1e-06 2.6e-07 0.000257374
1.26e-06 3.2e-07 0.000262946
1.58e-06 4.2e-07 0.000267595
2e-06 5.1e-07 0.000271489
2.51e-06 6.5e-07 0.00027477
3.16e-06 8.2e-07 0.000277559
3.98e-06 1.03e-06 0.000279954
5.01e-06 1.3e-06 0.000282035
6.31e-06 1.63e-06 0.000283866
7.94e-06 2.06e-06 0.000285497
1e-05 2.6e-06 0.00028697
1.26e-05 3.2e-06 0.000288317
1.58e-05 4.2e-06 0.000289564
2e-05 5.1e-06 0.000290732
2.51e-05 6.5e-06 0.000291837
3.16e-05 8.2e-06 0.000292896
3.98e-05 1.03e-05 0.00029392
5.01e-05 1.3e-05 0.00029492
6.31e-05 1.63e-05 0.000295906
7.94e-05 2.06e-05 0.000296889
0.0001 2.5897e-05 0.000297879
0.000125897 3.2591e-05 0.000298885
0.000158488 4.1041e-05 0.000299919
0.000199529 5.1662e-05 0.000300993
0.000251191 6.5038e-05 0.000302119
0.000316229 8.1881e-05 0.000303314
0.00039811 0.00010308 0.000304594
0.00050119 0.000129765 0.000305979
0.000630955 0.00016338 0.000307491
0.000794335 0.000205665 0.000309157
0.001 0.00025896 0.000311007
0.00125896 0.00032592 0.000313074
0.00158488 0.00041041 0.000315401
0.00199529 0.00051662 0.000318034
0.00251191 0.00065039 0.000321027
0.0031623 0.0008188 0.000324444
0.0039811 0.0010308 0.000328361
0.0050119 0.00129765 0.000332861
0.00630955 0.0016338 0.000338047
0.00794335 0.00205665 0.000344033
0.01 0.0025886 0.000350955
0.0125886 0.0032603 0.000358975
0.0158489 0.004104 0.000368271
0.0199529 0.0051663 0.000379053
0.0251192 0.0065037 0.000391564
0.0316229 0.0081881 0.000406081
0.039811 0.010308 0.000422917
0.050119 0.0129765 0.000442421
0.0630955 0.016337 0.000464979
0.0794325 0.0205675 0.000491002
0.1 0.025886 0.000520899
0.125886 0.032602 0.000555093
0.158488 0.041041 0.0005939
0.199529 0.051662 0.000637511
0.251191 0.065038 0.000685873
0.316229 0.081881 0.000738542
0.39811 0.10308 0.000794487
0.50119 0.129775 0.000851878
0.630965 0.16336 0.000907832
0.794325 0.205675 0.000958266
1 0.25886 0.000997815
1.25886 0.32603 0.00102019
1.58489 0.4104 0.00101887
1.99529 0.51662 0.000988601
2.51191 0.65039 0.000927394
3.1623 0.8188 0.000838633
3.9811 1.0308 0.000732255
5.0119 1.29765 0.000623564
6.30955 1.6338 0.00052894
7.94335 2.05665 0.000459812
10 2.5897 0.000418402
12.5897 3.2592 0.000399197
15.8489 4.1039 0.000395485
19.9528 5.1663 0.00040592
25.1191 6.5038 0.00043609
31.6229 8.1881 0.00049494
39.811 10.308 0.000588323
50.119 12.9765 0.000711955
63.0955 16.338 0.000847098
79.4335 20.5665 0.000962904
100 25.887 0.00102674
125.887 32.601 0.00101742
158.488 41.04 0.000933318
199.528 51.663 0.000790881
251.191 65.038 0.000616785
316.229 81.881 0.000440899
398.11 103.08 0.000290129
501.19 129.775 0.000179828
630.965 163.37 0.000109464
794.335 205.665 6.8456e-05
1000 258.86 4.51657e-05
1258.86 326.03 3.13994e-05
1584.89 410.39 2.26168e-05
1995.28 516.64 1.65881e-05
2511.92 650.38 1.22536e-05
3162.3 818.8 9.06931e-06
3981.1 1030.8 6.71239e-06
5011.9 1297.75 4.96516e-06
6309.65 1633.7 3.67056e-06
7943.35 2056.65 2.71212e-06
10000 2588.7 2.00329e-06
12588.7 3260.1 1.47904e-06
15848.8 4104 1.09178e-06
19952.8 5166.4 8.05806e-07
25119.2 6503.7 5.94677e-07
31622.9 8188.1 4.38833e-07
39811 10308 3.23822e-07
50119 12977.5 2.38951e-07
63096.5 16336 1.76334e-07
79432.5 20567.5 1.3013e-07
100000 25886 9.60449e-08
125886 32602 7.08845e-08
158488 41040 5.23224e-08
199528 51664 3.86264e-08
251192 65038 2.85191e-08
316230 81880 2.10593e-08
398110 103080 1.5553e-08
501190 129775 1.14881e-08
630965 163360 8.48728e-09
794325 205675 6.27127e-09
1e+06 1.15886e+07 4.63503e-09
1.25886e+07 3.2603e+06 3.42591e-09
1.58489e+07 4.104e+06 2.53284e-09
1.99529e+07 5.1662e+06 1.87302e-09
2.51191e+07 6.5039e+06 1.38541e-09
3.1623e+07 8.188e+06 1.02497e-09
3.9811e+07 1.0308e+07 7.585e-10
5.0119e+07 1.29765e+07 5.61442e-10
