1e-09 2.6e-10 4.95151e-06
1.26e-09 3.2e-10 7.57548e-06
1.58e-09 4.2e-10 1.15964e-05
2e-09 5.1e-10 1.77374e-05
2.51e-09 6.5e-10 2.70721e-05
3.16e-09 8.2e-10 4.11658e-05
3.98e-09 1.03e-09 6.22465e-05
5.01e-09 1.3e-09 9.33886e-05
6.31e-09 1.63e-09 0.000138635
7.94e-09 2.06e-09 0.000202984
1e-08 2.6e-09 0.000291889
1.26e-08 3.2e-09 0.00041028
1.58e-08 4.2e-09 0.000560062
2e-08 5.1e-09 0.00073674
2.51e-08 6.5e-09 0.000924956
3.16e-08 8.2e-09 0.00109509
3.98e-08 1.03e-08 0.00120471
5.01e-08 1.3e-08 0.0012097
6.31e-08 1.63e-08 0.00108612
7.94e-08 2.06e-08 0.000853791
1e-07 2.6e-08 0.000580546
1.26e-07 3.2e-08 0.000350965
1.58e-07 4.2e-08 0.000214889
2e-07 5.1e-08 0.000164197
2.51e-07 6.5e-08 0.000159092
3.16e-07 8.2e-08 0.000167789
3.98e-07 1.03e-07 0.000177837
5.01e-07 1.3e-07 0.00018674
6.31e-07 1.63e-07 0.000194327
7.94e-07 2.06e-07 0.000200718
1e-06 2.6e-07 0.000206064
1.26e-06 3.2e-07 0.000210525
1.58e-06 4.2e-07 0.000214248
2e-06 5.1e-07 0.000217365
2.51e-06 6.5e-07 0.000219993
3.16e-06 8.2e-07 0.000222226
3.98e-06 1.03e-06 0.000224144
5.01e-06 1.3e-06 0.000225811
6.31e-06 1.63e-06 0.000227277
7.94e-06 2.06e-06 0.000228584
1e-05 2.6e-06 0.000229764
1.26e-05 3.2e-06 0.000230844
1.58e-05 4.2e-06 0.000231844
2e-05 5.1e-06 0.000232781
2.51e-05 6.5e-06 0.000233668
3.16e-05 8.2e-06 0.000234519
3.98e-05 1.03e-05 0.000235341
5.01e-05 1.3e-05 0.000236146
6.31e-05 1.63e-05 0.00023694
7.94e-05 2.06e-05 0.000237733
0.0001 2.5897e-05 0.000238533
0.000125897 3.2591e-05 0.000239346
0.000158488 4.1041e-05 0.000240184
0.000199529 5.1662e-05 0.000241056
0.000251191 6.5038e-05 0.000241973
0.000316229 8.1881e-05 0.000242948
0.00039811 0.00010308 0.000243995
0.00050119 0.000129765 0.000245131
0.000630955 0.00016338 0.000246375
0.000794335 0.000205665 0.000247749
0.001 0.00025896 0.000249278
0.00125896 0.00032592 0.000250993
0.00158488 0.00041041 0.000252928
0.00199529 0.00051662 0.000255124
0.00251191 0.00065039 0.000257629
0.0031623 0.0008188 0.000260498
0.0039811 0.0010308 0.000263796
0.0050119 0.00129765 0.000267599
0.00630955 0.0016338 0.000271997
0.00794335 0.00205665 0.000277093
0.01 0.0025886 0.00028301
0.0125886 0.0032603 0.000289895
0.0158489 0.004104 0.000297914
0.0199529 0.0051663 0.000307263
0.0251192 0.0065037 0.000318174
0.0316229 0.0081881 0.000330913
0.039811 0.010308 0.000345788
0.050119 0.0129765 0.000363152
0.0630955 0.016337 0.000383402
0.0794325 0.0205675 0.000406976
0.1 0.025886 0.000434331
0.125886 0.032602 0.000465962
0.158488 0.041041 0.000502288
0.199529 0.051662 0.000543644
0.251191 0.065038 0.000590159
0.316229 0.081881 0.000641613
0.39811 0.10308 0.000697231
0.50119 0.129775 0.000755457
0.630965 0.16336 0.000813679
0.794325 0.205675 0.000868035
1 0.25886 0.000913289
1.25886 0.32603 0.000943143
1.58489 0.4104 0.000950855
1.99529 0.51662 0.000930743
2.51191 0.65039 0.00088017
3.1623 0.8188 0.000801734
3.9811 1.0308 0.00070459
5.0119 1.29765 0.000603447
6.30955 1.6338 0.000514442
7.94335 2.05665 0.000449149
10 2.5897 0.000410224
12.5897 3.2592 0.000392641
15.8489 4.1039 0.000390043
19.9528 5.1663 0.000401251
25.1191 6.5038 0.000431905
31.6229 8.1881 0.000490983
39.811 10.308 0.000584411
50.119 12.9765 0.000708021
63.0955 16.338 0.000843214
79.4335 20.5665 0.000959242
100 25.887 0.00102351
125.887 32.601 0.00101477
158.488 41.04 0.000931301
199.528 51.663 0.000789466
251.191 65.038 0.000615872
316.229 81.881 0.000440359
398.11 103.08 0.000289835
501.19 129.775 0.000179678
630.965 163.37 0.000109388
794.335 205.665 6.84169e-05
1000 258.86 4.51443e-05
1258.86 326.03 3.13872e-05
1584.89 410.39 2.26095e-05
1995.28 516.64 1.65837e-05
2511.92 650.38 1.22509e-05
3162.3 818.8 9.06765e-06
3981.1 1030.8 6.71138e-06
5011.9 1297.75 4.96454e-06
6309.65 1633.7 3.67019e-06
7943.35 2056.65 2.71189e-06
10000 2588.7 2.00315e-06
12588.7 3260.1 1.47896e-06
15848.8 4104 1.09173e-06
19952.8 5166.4 8.05774e-07
25119.2 6503.7 5.94657e-07
31622.9 8188.1 4.38821e-07
39811 10308 3.23815e-07
50119 12977.5 2.38946e-07
63096.5 16336 1.76332e-07
79432.5 20567.5 1.30128e-07
100000 25886 9.60439e-08
125886 32602 7.08839e-08
158488 41040 5.2322e-08
199528 51664 3.86261e-08
251192 65038 2.8519e-08
316230 81880 2.10592e-08
398110 103080 1.5553e-08
501190 129775 1.14881e-08
630965 163360 8.48726e-09
794325 205675 6.27126e-09
1e+06 1.15886e+07 4.63502e-09
1.25886e+07 3.2603e+06 3.42591e-09
1.58489e+07 4.104e+06 2.53283e-09
1.99529e+07 5.1662e+06 1.87302e-09
2.51191e+07 6.5039e+06 1.38541e-09
3.1623e+07 8.188e+06 1.02497e-09
3.9811e+07 1.0308e+07 7.58499e-10
5.0119e+07 1.29765e+07 5.61441e-10
