1e-09 2.6e-10 3.68464e-06
1.26e-09 3.2e-10 5.67106e-06
1.58e-09 4.2e-10 8.72624e-06
2e-09 5.1e-10 1.34068e-05
2.51e-09 6.5e-10 2.05403e-05
3.16e-09 8.2e-10 3.13343e-05
3.98e-09 1.03e-09 4.75086e-05
5.01e-09 1.3e-09 7.1438e-05
6.31e-09 1.63e-09 0.000106246
7.94e-09 2.06e-09 0.000155793
1e-08 2.6e-09 0.000224292
1.26e-08 3.2e-09 0.000315539
1.58e-08 4.2e-09 0.00043098
2e-08 5.1e-09 0.000567083
2.51e-08 6.5e-09 0.000711877
3.16e-08 8.2e-09 0.000842311
3.98e-08 1.03e-08 0.000925401
5.01e-08 1.3e-08 0.00092686
6.31e-08 1.63e-08 0.000828113
7.94e-08 2.06e-08 0.000644611
1e-07 2.6e-08 0.000429138
1.26e-07 3.2e-08 0.000247512
1.58e-07 4.2e-08 0.000138571
2e-07 5.1e-08 9.61071e-05
2.51e-07 6.5e-08 8.92844e-05
3.16e-07 8.2e-08 9.34644e-05
3.98e-07 1.03e-07 9.89996e-05
5.01e-07 1.3e-07 0.000103953
6.31e-07 1.63e-07 0.000108177
7.94e-07 2.06e-07 0.000111735
1e-06 2.6e-07 0.00011471
1.26e-06 3.2e-07 0.000117194
1.58e-06 4.2e-07 0.000119267
2e-06 5.1e-07 0.000121002
2.51e-06 6.5e-07 0.000122465
3.16e-06 8.2e-07 0.000123709
3.98e-06 1.03e-06 0.000124777
5.01e-06 1.3e-06 0.000125705
6.31e-06 1.63e-06 0.000126522
7.94e-06 2.06e-06 0.00012725
1e-05 2.6e-06 0.000127907
1.26e-05 3.2e-06 0.000128509
1.58e-05 4.2e-06 0.000129067
2e-05 5.1e-06 0.00012959
2.51e-05 6.5e-06 0.000130085
3.16e-05 8.2e-06 0.00013056
3.98e-05 1.03e-05 0.00013102
5.01e-05 1.3e-05 0.000131471
6.31e-05 1.63e-05 0.000131916
7.94e-05 2.06e-05 0.000132361
0.0001 2.5897e-05 0.000132811
0.000125897 3.2591e-05 0.000133269
0.000158488 4.1041e-05 0.000133743
0.000199529 5.1662e-05 0.000134236
0.000251191 6.5038e-05 0.000134756
0.000316229 8.1881e-05 0.00013531
0.00039811 0.00010308 0.000135907
0.00050119 0.000129765 0.000136557
0.000630955 0.00016338 0.00013727
0.000794335 0.000205665 0.000138059
0.001 0.00025896 0.000138941
0.00125896 0.00032592 0.000139932
0.00158488 0.00041041 0.000141054
0.00199529 0.00051662 0.000142331
0.00251191 0.00065039 0.000143792
0.0031623 0.0008188 0.00014547
0.0039811 0.0010308 0.000147406
0.0050119 0.00129765 0.000149645
0.00630955 0.0016338 0.000152243
0.00794335 0.00205665 0.000155266
0.01 0.0025886 0.000158791
0.0125886 0.0032603 0.000162912
0.0158489 0.004104 0.000167736
0.0199529 0.0051663 0.000173396
0.0251192 0.0065037 0.000180045
0.0316229 0.0081881 0.000187871
0.039811 0.010308 0.000197093
0.050119 0.0129765 0.000207972
0.0630955 0.016337 0.000220818
0.0794325 0.0205675 0.000235992
0.1 0.025886 0.000253902
0.125886 0.032602 0.000275029
0.158488 0.041041 0.000299865
0.199529 0.051662 0.000328924
0.251191 0.065038 0.000362666
0.316229 0.081881 0.000401409
0.39811 0.10308 0.000445164
0.50119 0.129775 0.000493428
0.630965 0.16336 0.000544889
0.794325 0.205675 0.000597137
1 0.25886 0.00064636
1.25886 0.32603 0.000687374
1.58489 0.4104 0.000713884
1.99529 0.51662 0.000719644
2.51191 0.65039 0.000700248
3.1623 0.8188 0.000655416
3.9811 1.0308 0.00059082
5.0119 1.29765 0.000517967
6.30955 1.6338 0.000451012
7.94335 2.05665 0.000401287
10 2.5897 0.000372686
12.5897 3.2592 0.000361961
15.8489 4.1039 0.000364147
19.9528 5.1663 0.000378713
25.1191 6.5038 0.000411457
31.6229 8.1881 0.000471453
39.811 10.308 0.000564932
50.119 12.9765 0.000688292
63.0955 16.338 0.000823608
79.4335 20.5665 0.000940662
100 25.887 0.00100701
125.887 32.601 0.00100118
158.488 41.04 0.000920948
199.528 51.663 0.000782186
251.191 65.038 0.000611164
316.229 81.881 0.00043757
398.11 103.08 0.000288315
501.19 129.775 0.000178898
630.965 163.37 0.000108995
794.335 205.665 6.82135e-05
1000 258.86 4.50333e-05
1258.86 326.03 3.13234e-05
1584.89 410.39 2.25715e-05
1995.28 516.64 1.65607e-05
2511.92 650.38 1.22369e-05
3162.3 818.8 9.05904e-06
3981.1 1030.8 6.70611e-06
5011.9 1297.75 4.96132e-06
6309.65 1633.7 3.66822e-06
7943.35 2056.65 2.71069e-06
10000 2588.7 2.00241e-06
12588.7 3260.1 1.47851e-06
15848.8 4104 1.09145e-06
19952.8 5166.4 8.05608e-07
25119.2 6503.7 5.94556e-07
31622.9 8188.1 4.38759e-07
39811 10308 3.23777e-07
50119 12977.5 2.38923e-07
63096.5 16336 1.76318e-07
79432.5 20567.5 1.3012e-07
100000 25886 9.60387e-08
125886 32602 7.08807e-08
158488 41040 5.23201e-08
199528 51664 3.8625e-08
251192 65038 2.85182e-08
316230 81880 2.10587e-08
398110 103080 1.55527e-08
501190 129775 1.14879e-08
630965 163360 8.48716e-09
794325 205675 6.2712e-09
1e+06 1.15886e+07 4.63498e-09
1.25886e+07 3.2603e+06 3.42589e-09
1.58489e+07 4.104e+06 2.53282e-09
1.99529e+07 5.1662e+06 1.87301e-09
2.51191e+07 6.5039e+06 1.3854e-09
3.1623e+07 8.188e+06 1.02497e-09
3.9811e+07 1.0308e+07 7.58497e-10
5.0119e+07 1.29765e+07 5.6144e-10
