1e-09 2.6e-10 4.55128e-06
1.26e-09 3.2e-10 6.98727e-06
1.58e-09 4.2e-10 1.07282e-05
2e-09 5.1e-10 1.64518e-05
2.51e-09 6.5e-10 2.51655e-05
3.16e-09 8.2e-10 3.83385e-05
3.98e-09 1.03e-09 5.80629e-05
5.01e-09 1.3e-09 8.72266e-05
6.31e-09 1.63e-09 0.000129628
7.94e-09 2.06e-09 0.000189961
1e-08 2.6e-09 0.00027335
1.26e-08 3.2e-09 0.000384417
1.58e-08 4.2e-09 0.000524934
2e-08 5.1e-09 0.000690634
2.51e-08 6.5e-09 0.000867014
3.16e-08 8.2e-09 0.00102613
3.98e-08 1.03e-08 0.00112797
5.01e-08 1.3e-08 0.00113095
6.31e-08 1.63e-08 0.00101251
7.94e-08 2.06e-08 0.000791391
1e-07 2.6e-08 0.00053157
1.26e-07 3.2e-08 0.000312851
1.58e-07 4.2e-08 0.000182293
2e-07 5.1e-08 0.000132316
2.51e-07 6.5e-08 0.000125465
3.16e-07 8.2e-08 0.000131824
3.98e-07 1.03e-07 0.000139674
5.01e-07 1.3e-07 0.000146665
6.31e-07 1.63e-07 0.000152624
7.94e-07 2.06e-07 0.000157643
1e-06 2.6e-07 0.000161842
1.26e-06 3.2e-07 0.000165346
1.58e-06 4.2e-07 0.00016827
2e-06 5.1e-07 0.000170719
2.51e-06 6.5e-07 0.000172782
3.16e-06 8.2e-07 0.000174537
3.98e-06 1.03e-06 0.000176043
5.01e-06 1.3e-06 0.000177353
6.31e-06 1.63e-06 0.000178505
7.94e-06 2.06e-06 0.000179532
1e-05 2.6e-06 0.000180459
1.26e-05 3.2e-06 0.000181308
1.58e-05 4.2e-06 0.000182094
2e-05 5.1e-06 0.000182831
2.51e-05 6.5e-06 0.00018353
3.16e-05 8.2e-06 0.000184199
3.98e-05 1.03e-05 0.000184847
5.01e-05 1.3e-05 0.000185481
6.31e-05 1.63e-05 0.000186108
7.94e-05 2.06e-05 0.000186734
0.0001 2.5897e-05 0.000187366
0.000125897 3.2591e-05 0.00018801
0.000158488 4.1041e-05 0.000188675
0.000199529 5.1662e-05 0.000189367
0.000251191 6.5038e-05 0.000190096
0.000316229 8.1881e-05 0.000190873
0.00039811 0.00010308 0.000191708
0.00050119 0.000129765 0.000192617
0.000630955 0.00016338 0.000193613
0.000794335 0.000205665 0.000194715
0.001 0.00025896 0.000195946
0.00125896 0.00032592 0.000197327
0.00158488 0.00041041 0.00019889
0.00199529 0.00051662 0.000200668
0.00251191 0.00065039 0.000202699
0.0031623 0.0008188 0.000205031
0.0039811 0.0010308 0.000207717
0.0050119 0.00129765 0.000210822
0.00630955 0.0016338 0.000214423
0.00794335 0.00205665 0.000218606
0.01 0.0025886 0.000223477
0.0125886 0.0032603 0.000229163
0.0158489 0.004104 0.00023581
0.0199529 0.0051663 0.000243589
0.0251192 0.0065037 0.000252707
0.0316229 0.0081881 0.000263406
0.039811 0.010308 0.000275969
0.050119 0.0129765 0.000290726
0.0630955 0.016337 0.000308057
0.0794325 0.0205675 0.000328397
0.1 0.025886 0.000352215
0.125886 0.032602 0.00038004
0.158488 0.041041 0.00041237
0.199529 0.051662 0.000449661
0.251191 0.065038 0.000492229
0.316229 0.081881 0.000540106
0.39811 0.10308 0.000592853
0.50119 0.129775 0.000649313
0.630965 0.16336 0.000707312
0.794325 0.205675 0.000763426
1 0.25886 0.000812772
1.25886 0.32603 0.000849242
1.58489 0.4104 0.000866015
1.99529 0.51662 0.00085699
2.51191 0.65039 0.000818759
3.1623 0.8188 0.000752876
3.9811 1.0308 0.000667363
5.0119 1.29765 0.000575988
6.30955 1.6338 0.000494401
7.94335 2.05665 0.000434249
10 2.5897 0.000398688
12.5897 3.2592 0.000383319
15.8489 4.1039 0.000382251
19.9528 5.1663 0.000394525
25.1191 6.5038 0.000425847
31.6229 8.1881 0.000485233
39.811 10.308 0.000578704
50.119 12.9765 0.000702267
63.0955 16.338 0.000837516
79.4335 20.5665 0.000953859
100 25.887 0.00101874
125.887 32.601 0.00101085
158.488 41.04 0.000928322
199.528 51.663 0.000787374
251.191 65.038 0.000614521
316.229 81.881 0.000439559
398.11 103.08 0.0002894
501.19 129.775 0.000179455
630.965 163.37 0.000109276
794.335 205.665 6.83588e-05
1000 258.86 4.51126e-05
1258.86 326.03 3.1369e-05
1584.89 410.39 2.25987e-05
1995.28 516.64 1.65771e-05
2511.92 650.38 1.22469e-05
3162.3 818.8 9.0652e-06
3981.1 1030.8 6.70988e-06
5011.9 1297.75 4.96362e-06
6309.65 1633.7 3.66963e-06
7943.35 2056.65 2.71155e-06
10000 2588.7 2.00294e-06
12588.7 3260.1 1.47883e-06
15848.8 4104 1.09165e-06
19952.8 5166.4 8.05727e-07
25119.2 6503.7 5.94628e-07
31622.9 8188.1 4.38804e-07
39811 10308 3.23804e-07
50119 12977.5 2.3894e-07
63096.5 16336 1.76328e-07
79432.5 20567.5 1.30126e-07
100000 25886 9.60425e-08
125886 32602 7.0883e-08
158488 41040 5.23215e-08
199528 51664 3.86258e-08
251192 65038 2.85188e-08
316230 81880 2.1059e-08
398110 103080 1.55529e-08
501190 129775 1.1488e-08
630965 163360 8.48724e-09
794325 205675 6.27125e-09
1e+06 1.15886e+07 4.63501e-09
1.25886e+07 3.2603e+06 3.4259e-09
1.58489e+07 4.104e+06 2.53283e-09
1.99529e+07 5.1662e+06 1.87302e-09
2.51191e+07 6.5039e+06 1.38541e-09
3.1623e+07 8.188e+06 1.02497e-09
3.9811e+07 1.0308e+07 7.58499e-10
5.0119e+07 1.29765e+07 5.61441e-10
