1e-09 2.6e-10 4.38786e-06
1.26e-09 3.2e-10 6.74182e-06
1.58e-09 4.2e-10 1.03585e-05
2e-09 5.1e-10 1.58945e-05
2.51e-09 6.5e-10 2.43254e-05
3.16e-09 8.2e-10 3.70747e-05
3.98e-09 1.03e-09 5.61693e-05
5.01e-09 1.3e-09 8.44072e-05
6.31e-09 1.63e-09 0.000125469
7.94e-09 2.06e-09 0.000183904
1e-08 2.6e-09 0.000264675
1.26e-08 3.2e-09 0.00037226
1.58e-08 4.2e-09 0.000508371
2e-08 5.1e-09 0.000668866
2.51e-08 6.5e-09 0.000839675
3.16e-08 8.2e-09 0.000993692
3.98e-08 1.03e-08 0.00109212
5.01e-08 1.3e-08 0.00109463
6.31e-08 1.63e-08 0.000979358
7.94e-08 2.06e-08 0.000764466
1e-07 2.6e-08 0.000512022
1.26e-07 3.2e-08 0.000299422
1.58e-07 4.2e-08 0.000172316
2e-07 5.1e-08 0.000123371
2.51e-07 6.5e-08 0.00011628
3.16e-07 8.2e-08 0.000122042
3.98e-07 1.03e-07 0.000129298
5.01e-07 1.3e-07 0.000135768
6.31e-07 1.63e-07 0.000141285
7.94e-07 2.06e-07 0.000145932
1e-06 2.6e-07 0.000149818
1.26e-06 3.2e-07 0.000153062
1.58e-06 4.2e-07 0.000155769
2e-06 5.1e-07 0.000158035
2.51e-06 6.5e-07 0.000159946
3.16e-06 8.2e-07 0.00016157
3.98e-06 1.03e-06 0.000162965
5.01e-06 1.3e-06 0.000164177
6.31e-06 1.63e-06 0.000165244
7.94e-06 2.06e-06 0.000166194
1e-05 2.6e-06 0.000167053
1.26e-05 3.2e-06 0.000167839
1.58e-05 4.2e-06 0.000168567
2e-05 5.1e-06 0.000169249
2.51e-05 6.5e-06 0.000169896
3.16e-05 8.2e-06 0.000170516
3.98e-05 1.03e-05 0.000171116
5.01e-05 1.3e-05 0.000171704
6.31e-05 1.63e-05 0.000172285
7.94e-05 2.06e-05 0.000172865
0.0001 2.5897e-05 0.000173451
0.000125897 3.2591e-05 0.000174048
0.000158488 4.1041e-05 0.000174665
0.000199529 5.1662e-05 0.000175307
0.000251191 6.5038e-05 0.000175984
0.000316229 8.1881e-05 0.000176705
0.00039811 0.00010308 0.000177481
0.00050119 0.000129765 0.000178325
0.000630955 0.00016338 0.000179251
0.000794335 0.000205665 0.000180276
0.001 0.00025896 0.000181421
0.00125896 0.00032592 0.000182707
0.00158488 0.00041041 0.000184162
0.00199529 0.00051662 0.000185817
0.00251191 0.00065039 0.00018771
0.0031623 0.0008188 0.000189884
0.0039811 0.0010308 0.000192389
0.0050119 0.00129765 0.000195287
0.00630955 0.0016338 0.000198648
0.00794335 0.00205665 0.000202555
0.01 0.0025886 0.000207108
0.0125886 0.0032603 0.000212426
0.0158489 0.004104 0.000218647
0.0199529 0.0051663 0.000225935
0.0251192 0.0065037 0.000234485
0.0316229 0.0081881 0.000244529
0.039811 0.010308 0.000256338
0.050119 0.0129765 0.000270229
0.0630955 0.016337 0.000286574
0.0794325 0.0205675 0.000305795
0.1 0.025886 0.000328357
0.125886 0.032602 0.00035479
0.158488 0.041041 0.000385601
0.199529 0.051662 0.000421277
0.251191 0.065038 0.000462179
0.316229 0.081881 0.00050842
0.39811 0.10308 0.000559669
0.50119 0.129775 0.000614912
0.630965 0.16336 0.00067215
0.794325 0.205675 0.000728144
1 0.25886 0.000778188
1.25886 0.32603 0.0008163
1.58489 0.4104 0.000835693
1.99529 0.51662 0.000830164
2.51191 0.65039 0.000796057
3.1623 0.8188 0.000734544
3.9811 1.0308 0.000653206
5.0119 1.29765 0.000565421
6.30955 1.6338 0.000486608
7.94335 2.05665 0.000428401
10 2.5897 0.000394125
12.5897 3.2592 0.000379605
15.8489 4.1039 0.000379129
19.9528 5.1663 0.000391818
25.1191 6.5038 0.000423397
31.6229 8.1881 0.000482899
39.811 10.308 0.000576382
50.119 12.9765 0.000699919
63.0955 16.338 0.000835187
79.4335 20.5665 0.000951655
100 25.887 0.00101679
125.887 32.601 0.00100924
158.488 41.04 0.000927097
199.528 51.663 0.000786513
251.191 65.038 0.000613964
316.229 81.881 0.00043923
398.11 103.08 0.00028922
501.19 129.775 0.000179362
630.965 163.37 0.00010923
794.335 205.665 6.83348e-05
1000 258.86 4.50995e-05
1258.86 326.03 3.13614e-05
1584.89 410.39 2.25942e-05
1995.28 516.64 1.65744e-05
2511.92 650.38 1.22453e-05
3162.3 818.8 9.06418e-06
3981.1 1030.8 6.70926e-06
5011.9 1297.75 4.96324e-06
6309.65 1633.7 3.66939e-06
7943.35 2056.65 2.71141e-06
10000 2588.7 2.00285e-06
12588.7 3260.1 1.47878e-06
15848.8 4104 1.09162e-06
19952.8 5166.4 8.05707e-07
25119.2 6503.7 5.94616e-07
31622.9 8188.1 4.38796e-07
39811 10308 3.23799e-07
50119 12977.5 2.38937e-07
63096.5 16336 1.76326e-07
79432.5 20567.5 1.30125e-07
100000 25886 9.60419e-08
125886 32602 7.08826e-08
158488 41040 5.23213e-08
199528 51664 3.86257e-08
251192 65038 2.85187e-08
316230 81880 2.1059e-08
398110 103080 1.55528e-08
501190 129775 1.1488e-08
630965 163360 8.48722e-09
794325 205675 6.27124e-09
1e+06 1.15886e+07 4.635e-09
1.25886e+07 3.2603e+06 3.4259e-09
1.58489e+07 4.104e+06 2.53283e-09
1.99529e+07 5.1662e+06 1.87302e-09
2.51191e+07 6.5039e+06 1.38541e-09
3.1623e+07 8.188e+06 1.02497e-09
3.9811e+07 1.0308e+07 7.58499e-10
5.0119e+07 1.29765e+07 5.61441e-10
