1e-09 2.6e-10 5.2667e-06
1.26e-09 3.2e-10 7.93359e-06
1.58e-09 4.2e-10 1.19791e-05
2e-09 5.1e-10 1.8104e-05
2.51e-09 6.5e-10 2.73457e-05
3.16e-09 8.2e-10 4.12121e-05
3.98e-09 1.03e-09 6.18453e-05
5.01e-09 1.3e-09 9.21966e-05
6.31e-09 1.63e-09 0.000136145
7.94e-09 2.06e-09 0.000198482
1e-08 2.6e-09 0.000284453
1.26e-08 3.2e-09 0.000398822
1.58e-08 4.2e-09 0.000543517
2e-08 5.1e-09 0.000714441
2.51e-08 6.5e-09 0.000897253
3.16e-08 8.2e-09 0.00106414
3.98e-08 1.03e-08 0.00117517
5.01e-08 1.3e-08 0.00118876
6.31e-08 1.63e-08 0.00108223
7.94e-08 2.06e-08 0.000874108
1e-07 2.6e-08 0.000628055
1.26e-07 3.2e-08 0.000423462
1.58e-07 4.2e-08 0.000306936
2e-07 5.1e-08 0.000270431
2.51e-07 6.5e-08 0.000276105
3.16e-07 8.2e-08 0.000293774
3.98e-07 1.03e-07 0.000311594
5.01e-07 1.3e-07 0.000327201
6.31e-07 1.63e-07 0.000340495
7.94e-07 2.06e-07 0.000351693
1e-06 2.6e-07 0.000361059
1.26e-06 3.2e-07 0.000368875
1.58e-06 4.2e-07 0.000375396
2e-06 5.1e-07 0.000380858
2.51e-06 6.5e-07 0.00038546
3.16e-06 8.2e-07 0.000389371
3.98e-06 1.03e-06 0.00039273
5.01e-06 1.3e-06 0.000395647
6.31e-06 1.63e-06 0.000398213
7.94e-06 2.06e-06 0.000400499
1e-05 2.6e-06 0.000402561
1.26e-05 3.2e-06 0.000404447
1.58e-05 4.2e-06 0.000406191
2e-05 5.1e-06 0.000407823
2.51e-05 6.5e-06 0.000409367
3.16e-05 8.2e-06 0.000410843
3.98e-05 1.03e-05 0.000412268
5.01e-05 1.3e-05 0.000413657
6.31e-05 1.63e-05 0.000415025
7.94e-05 2.06e-05 0.000416384
0.0001 2.5897e-05 0.000417748
0.000125897 3.2591e-05 0.00041913
0.000158488 4.1041e-05 0.000420545
0.000199529 5.1662e-05 0.000422008
0.000251191 6.5038e-05 0.000423536
0.000316229 8.1881e-05 0.000425148
0.00039811 0.00010308 0.000426866
0.00050119 0.000129765 0.000428714
0.000630955 0.00016338 0.000430721
0.000794335 0.000205665 0.000432917
0.001 0.00025896 0.000435342
0.00125896 0.00032592 0.000438034
0.00158488 0.00041041 0.000441044
0.00199529 0.00051662 0.000444428
0.00251191 0.00065039 0.000448248
0.0031623 0.0008188 0.00045258
0.0039811 0.0010308 0.000457507
0.0050119 0.00129765 0.000463127
0.00630955 0.0016338 0.00046955
0.00794335 0.00205665 0.000476902
0.01 0.0025886 0.000485328
0.0125886 0.0032603 0.000494996
0.0158489 0.004104 0.000506087
0.0199529 0.0051663 0.00051881
0.0251192 0.0065037 0.0005334
0.0316229 0.0081881 0.000550114
0.039811 0.010308 0.000569235
0.050119 0.0129765 0.000591065
0.0630955 0.016337 0.000615922
0.0794325 0.0205675 0.000644126
0.1 0.025886 0.000675968
0.125886 0.032602 0.000711724
0.158488 0.041041 0.000751528
0.199529 0.051662 0.000795363
0.251191 0.065038 0.000842943
0.316229 0.081881 0.000893573
0.39811 0.10308 0.000945972
0.50119 0.129775 0.000998074
0.630965 0.16336 0.00104682
0.794325 0.205675 0.00108802
1 0.25886 0.00111634
1.25886 0.32603 0.00112569
1.58489 0.4104 0.00110996
1.99529 0.51662 0.00106453
2.51191 0.65039 0.000988245
3.1623 0.8188 0.000885408
3.9811 1.0308 0.000766821
5.0119 1.29765 0.000648381
6.30955 1.6338 0.000546632
7.94335 2.05665 0.000472701
10 2.5897 0.000428208
12.5897 3.2592 0.000407004
15.8489 4.1039 0.000401927
19.9528 5.1663 0.00041142
25.1191 6.5038 0.000440999
31.6229 8.1881 0.000499565
39.811 10.308 0.000592882
50.119 12.9765 0.000716526
63.0955 16.338 0.000851603
79.4335 20.5665 0.000967143
100 25.887 0.00103048
125.887 32.601 0.00102049
158.488 41.04 0.000935645
199.528 51.663 0.000792511
251.191 65.038 0.000617835
316.229 81.881 0.00044152
398.11 103.08 0.000290466
501.19 129.775 0.000180001
630.965 163.37 0.000109551
794.335 205.665 6.8501e-05
1000 258.86 4.51902e-05
1258.86 326.03 3.14135e-05
1584.89 410.39 2.26252e-05
1995.28 516.64 1.65932e-05
2511.92 650.38 1.22567e-05
3162.3 818.8 9.0712e-06
3981.1 1030.8 6.71355e-06
5011.9 1297.75 4.96587e-06
6309.65 1633.7 3.671e-06
7943.35 2056.65 2.71239e-06
10000 2588.7 2.00345e-06
12588.7 3260.1 1.47914e-06
15848.8 4104 1.09184e-06
19952.8 5166.4 8.05843e-07
25119.2 6503.7 5.94699e-07
31622.9 8188.1 4.38847e-07
39811 10308 3.2383e-07
50119 12977.5 2.38956e-07
63096.5 16336 1.76337e-07
79432.5 20567.5 1.30132e-07
100000 25886 9.60461e-08
125886 32602 7.08852e-08
158488 41040 5.23228e-08
199528 51664 3.86266e-08
251192 65038 2.85193e-08
316230 81880 2.10593e-08
398110 103080 1.55531e-08
501190 129775 1.14881e-08
630965 163360 8.48731e-09
794325 205675 6.27129e-09
1e+06 1.15886e+07 4.63503e-09
1.25886e+07 3.2603e+06 3.42592e-09
1.58489e+07 4.104e+06 2.53284e-09
1.99529e+07 5.1662e+06 1.87302e-09
2.51191e+07 6.5039e+06 1.38541e-09
3.1623e+07 8.188e+06 1.02498e-09
3.9811e+07 1.0308e+07 7.585e-10
5.0119e+07 1.29765e+07 5.61442e-10
