1e-09 2.6e-10 4.59734e-06
1.26e-09 3.2e-10 7.0382e-06
1.58e-09 4.2e-10 1.07801e-05
2e-09 5.1e-10 1.64968e-05
2.51e-09 6.5e-10 2.51892e-05
3.16e-09 8.2e-10 3.83163e-05
3.98e-09 1.03e-09 5.79553e-05
5.01e-09 1.3e-09 8.69723e-05
6.31e-09 1.63e-09 0.000129137
7.94e-09 2.06e-09 0.000189108
1e-08 2.6e-09 0.000271972
1.26e-08 3.2e-09 0.000382322
1.58e-08 4.2e-09 0.000521931
2e-08 5.1e-09 0.000686599
2.51e-08 6.5e-09 0.000861994
3.16e-08 8.2e-09 0.00102047
3.98e-08 1.03e-08 0.00112246
5.01e-08 1.3e-08 0.00112678
6.31e-08 1.63e-08 0.00101111
7.94e-08 2.06e-08 0.00079395
1e-07 2.6e-08 0.000538592
1.26e-07 3.2e-08 0.000323958
1.58e-07 4.2e-08 0.000196562
2e-07 5.1e-08 0.000148843
2.51e-07 6.5e-08 0.000143683
3.16e-07 8.2e-08 0.000151438
3.98e-07 1.03e-07 0.000160495
5.01e-07 1.3e-07 0.000168525
6.31e-07 1.63e-07 0.000175369
7.94e-07 2.06e-07 0.000181133
1e-06 2.6e-07 0.000185953
1.26e-06 3.2e-07 0.000189974
1.58e-06 4.2e-07 0.00019333
2e-06 5.1e-07 0.000196139
2.51e-06 6.5e-07 0.000198506
3.16e-06 8.2e-07 0.000200517
3.98e-06 1.03e-06 0.000202243
5.01e-06 1.3e-06 0.000203743
6.31e-06 1.63e-06 0.000205061
7.94e-06 2.06e-06 0.000206236
1e-05 2.6e-06 0.000207297
1.26e-05 3.2e-06 0.000208267
1.58e-05 4.2e-06 0.000209165
2e-05 5.1e-06 0.000210005
2.51e-05 6.5e-06 0.000210802
3.16e-05 8.2e-06 0.000211565
3.98e-05 1.03e-05 0.000212303
5.01e-05 1.3e-05 0.000213025
6.31e-05 1.63e-05 0.000213738
7.94e-05 2.06e-05 0.000214449
0.0001 2.5897e-05 0.000215166
0.000125897 3.2591e-05 0.000215897
0.000158488 4.1041e-05 0.00021665
0.000199529 5.1662e-05 0.000217433
0.000251191 6.5038e-05 0.000218258
0.000316229 8.1881e-05 0.000219135
0.00039811 0.00010308 0.000220078
0.00050119 0.000129765 0.000221101
0.000630955 0.00016338 0.000222223
0.000794335 0.000205665 0.000223463
0.001 0.00025896 0.000224844
0.00125896 0.00032592 0.000226394
0.00158488 0.00041041 0.000228145
0.00199529 0.00051662 0.000230133
0.00251191 0.00065039 0.000232402
0.0031623 0.0008188 0.000235003
0.0039811 0.0010308 0.000237995
0.0050119 0.00129765 0.000241448
0.00630955 0.0016338 0.000245444
0.00794335 0.00205665 0.000250079
0.01 0.0025886 0.000255463
0.0125886 0.0032603 0.000261734
0.0158489 0.004104 0.000269044
0.0199529 0.0051663 0.000277574
0.0251192 0.0065037 0.000287539
0.0316229 0.0081881 0.000299187
0.039811 0.010308 0.000312805
0.050119 0.0129765 0.000328722
0.0630955 0.016337 0.000347312
0.0794325 0.0205675 0.000368989
0.1 0.025886 0.000394188
0.125886 0.032602 0.000423384
0.158488 0.041041 0.00045699
0.199529 0.051662 0.000495341
0.251191 0.065038 0.000538594
0.316229 0.081881 0.000586582
0.39811 0.10308 0.000638631
0.50119 0.129775 0.000693334
0.630965 0.16336 0.000748293
0.794325 0.205675 0.000799932
1 0.25886 0.000843362
1.25886 0.32603 0.000872665
1.58489 0.4104 0.000881468
1.99529 0.51662 0.000864342
2.51191 0.65039 0.000818677
3.1623 0.8188 0.000746755
3.9811 1.0308 0.000657024
5.0119 1.29765 0.000563191
6.30955 1.6338 0.000480377
7.94335 2.05665 0.000419496
10 2.5897 0.000383127
12.5897 3.2592 0.000366642
15.8489 4.1039 0.000364143
19.9528 5.1663 0.000374588
25.1191 6.5038 0.000403339
31.6229 8.1881 0.000458893
39.811 10.308 0.00054685
50.119 12.9765 0.000663259
63.0955 16.338 0.000790522
79.4335 20.5665 0.000899592
100 25.887 0.000959768
125.887 32.601 0.0009512
158.488 41.04 0.000872472
199.528 51.663 0.000738988
251.191 65.038 0.000575541
316.229 81.881 0.000410136
398.11 103.08 0.00026847
501.19 129.775 0.000165276
630.965 163.37 9.98854e-05
794.335 205.665 6.2071e-05
1000 258.86 4.07713e-05
1258.86 326.03 2.82806e-05
1584.89 410.39 2.03593e-05
1995.28 516.64 1.49394e-05
2511.92 650.38 1.10464e-05
3162.3 818.8 8.18563e-06
3981.1 1030.8 6.06627e-06
5011.9 1297.75 4.49331e-06
6309.65 1633.7 3.32637e-06
7943.35 2056.65 2.4613e-06
10000 2588.7 1.82065e-06
12588.7 3260.1 1.34617e-06
15848.8 4104 9.95186e-07
19952.8 5166.4 7.35628e-07
25119.2 6503.7 5.43724e-07
31622.9 8188.1 4.01863e-07
39811 10308 2.97014e-07
50119 12977.5 2.19525e-07
63096.5 16336 1.62266e-07
79432.5 20567.5 1.19949e-07
100000 25886 8.86825e-08
125886 32602 6.5565e-08
158488 41040 4.8482e-08
199528 51664 3.58562e-08
251192 65038 2.65229e-08
316230 81880 1.96223e-08
398110 103080 1.45198e-08
501190 129775 1.07462e-08
630965 163360 7.95524e-09
794325 205675 5.89034e-09
1e+06 1.15886e+07 4.36274e-09
1.25886e+07 3.2603e+06 3.23168e-09
1.58489e+07 4.104e+06 2.39458e-09
1.99529e+07 5.1662e+06 1.77484e-09
2.51191e+07 6.5039e+06 1.31588e-09
3.1623e+07 8.188e+06 9.75887e-10
3.9811e+07 1.0308e+07 7.23968e-10
5.0119e+07 1.29765e+07 5.37249e-10
