1e-09 2.6e-10 3.31164e-06
1.26e-09 3.2e-10 5.09734e-06
1.58e-09 4.2e-10 7.84395e-06
2e-09 5.1e-10 1.2052e-05
2.51e-09 6.5e-10 1.84654e-05
3.16e-09 8.2e-10 2.81701e-05
3.98e-09 1.03e-09 4.27127e-05
5.01e-09 1.3e-09 6.42281e-05
6.31e-09 1.63e-09 9.55255e-05
7.94e-09 2.06e-09 0.000140076
1e-08 2.6e-09 0.000201666
1.26e-08 3.2e-09 0.000283712
1.58e-08 4.2e-09 0.000387512
2e-08 5.1e-09 0.00050989
2.51e-08 6.5e-09 0.000640079
3.16e-08 8.2e-09 0.000757351
3.98e-08 1.03e-08 0.000832045
5.01e-08 1.3e-08 0.000833328
6.31e-08 1.63e-08 0.000744496
7.94e-08 2.06e-08 0.000579445
1e-07 2.6e-08 0.000385641
1.26e-07 3.2e-08 0.000222274
1.58e-07 4.2e-08 0.000124267
2e-07 5.1e-08 8.60432e-05
2.51e-07 6.5e-08 7.98715e-05
3.16e-07 8.2e-08 8.35972e-05
3.98e-07 1.03e-07 8.85451e-05
5.01e-07 1.3e-07 9.29735e-05
6.31e-07 1.63e-07 9.67491e-05
7.94e-07 2.06e-07 9.9929e-05
1e-06 2.6e-07 0.000102588
1.26e-06 3.2e-07 0.000104807
1.58e-06 4.2e-07 0.000106658
2e-06 5.1e-07 0.000108208
2.51e-06 6.5e-07 0.000109514
3.16e-06 8.2e-07 0.000110624
3.98e-06 1.03e-06 0.000111577
5.01e-06 1.3e-06 0.000112404
6.31e-06 1.63e-06 0.000113132
7.94e-06 2.06e-06 0.000113781
1e-05 2.6e-06 0.000114366
1.26e-05 3.2e-06 0.000114902
1.58e-05 4.2e-06 0.000115398
2e-05 5.1e-06 0.000115863
2.51e-05 6.5e-06 0.000116304
3.16e-05 8.2e-06 0.000116726
3.98e-05 1.03e-05 0.000117135
5.01e-05 1.3e-05 0.000117535
6.31e-05 1.63e-05 0.00011793
7.94e-05 2.06e-05 0.000118326
0.0001 2.5897e-05 0.000118725
0.000125897 3.2591e-05 0.000119132
0.000158488 4.1041e-05 0.000119553
0.000199529 5.1662e-05 0.000119991
0.000251191 6.5038e-05 0.000120453
0.000316229 8.1881e-05 0.000120946
0.00039811 0.00010308 0.000121477
0.00050119 0.000129765 0.000122054
0.000630955 0.00016338 0.000122688
0.000794335 0.000205665 0.000123391
0.001 0.00025896 0.000124176
0.00125896 0.00032592 0.000125058
0.00158488 0.00041041 0.000126058
0.00199529 0.00051662 0.000127195
0.00251191 0.00065039 0.000128496
0.0031623 0.0008188 0.000129992
0.0039811 0.0010308 0.000131716
0.0050119 0.00129765 0.000133712
0.00630955 0.0016338 0.000136028
0.00794335 0.00205665 0.000138722
0.01 0.0025886 0.000141864
0.0125886 0.0032603 0.000145537
0.0158489 0.004104 0.000149837
0.0199529 0.0051663 0.000154882
0.0251192 0.0065037 0.000160809
0.0316229 0.0081881 0.000167785
0.039811 0.010308 0.000176006
0.050119 0.0129765 0.000185707
0.0630955 0.016337 0.000197163
0.0794325 0.0205675 0.000210701
0.1 0.025886 0.000226687
0.125886 0.032602 0.000245558
0.158488 0.041041 0.000267765
0.199529 0.051662 0.000293781
0.251191 0.065038 0.000324046
0.316229 0.081881 0.000358877
0.39811 0.10308 0.000398335
0.50119 0.129775 0.000442029
0.630965 0.16336 0.000488851
0.794325 0.205675 0.000536709
1 0.25886 0.000582218
1.25886 0.32603 0.000620713
1.58489 0.4104 0.000646438
1.99529 0.51662 0.000653582
2.51191 0.65039 0.000637906
3.1623 0.8188 0.000598878
3.9811 1.0308 0.000541422
5.0119 1.29765 0.000475918
6.30955 1.6338 0.000415352
7.94335 2.05665 0.000370263
10 2.5897 0.000344404
12.5897 3.2592 0.000334918
15.8489 4.1039 0.000337315
19.9528 5.1663 0.000351195
25.1191 6.5038 0.000382073
31.6229 8.1881 0.000438536
39.811 10.308 0.000526499
50.119 12.9765 0.000642603
63.0955 16.338 0.000769962
79.4335 20.5665 0.000880087
100 25.887 0.000942445
125.887 32.601 0.000936928
158.488 41.04 0.000861599
199.528 51.663 0.000731346
251.191 65.038 0.000570606
316.229 81.881 0.000407222
398.11 103.08 0.000266889
501.19 129.775 0.000164471
630.965 163.37 9.94824e-05
794.335 205.665 6.18638e-05
1000 258.86 4.06587e-05
1258.86 326.03 2.8216e-05
1584.89 410.39 2.03208e-05
1995.28 516.64 1.4916e-05
2511.92 650.38 1.10322e-05
3162.3 818.8 8.17689e-06
3981.1 1030.8 6.06091e-06
5011.9 1297.75 4.49004e-06
6309.65 1633.7 3.32437e-06
7943.35 2056.65 2.46007e-06
10000 2588.7 1.8199e-06
12588.7 3260.1 1.34571e-06
15848.8 4104 9.94906e-07
19952.8 5166.4 7.35457e-07
25119.2 6503.7 5.4362e-07
31622.9 8188.1 4.01799e-07
39811 10308 2.96975e-07
50119 12977.5 2.19501e-07
63096.5 16336 1.62252e-07
79432.5 20567.5 1.1994e-07
100000 25886 8.86771e-08
125886 32602 6.55617e-08
158488 41040 4.848e-08
199528 51664 3.5855e-08
251192 65038 2.65221e-08
316230 81880 1.96218e-08
398110 103080 1.45195e-08
501190 129775 1.0746e-08
630965 163360 7.95513e-09
794325 205675 5.89028e-09
1e+06 1.15886e+07 4.3627e-09
1.25886e+07 3.2603e+06 3.23166e-09
1.58489e+07 4.104e+06 2.39456e-09
1.99529e+07 5.1662e+06 1.77483e-09
2.51191e+07 6.5039e+06 1.31587e-09
3.1623e+07 8.188e+06 9.75884e-10
3.9811e+07 1.0308e+07 7.23966e-10
5.0119e+07 1.29765e+07 5.37248e-10
