1e-09 2.6e-10 3.59501e-06
1.26e-09 3.2e-10 5.53194e-06
1.58e-09 4.2e-10 8.51064e-06
2e-09 5.1e-10 1.30736e-05
2.51e-09 6.5e-10 2.00271e-05
3.16e-09 8.2e-10 3.0548e-05
3.98e-09 1.03e-09 4.63122e-05
5.01e-09 1.3e-09 6.96336e-05
6.31e-09 1.63e-09 0.000103556
7.94e-09 2.06e-09 0.000151841
1e-08 2.6e-09 0.000218593
1.26e-08 3.2e-09 0.000307513
1.58e-08 4.2e-09 0.00042001
2e-08 5.1e-09 0.000552644
2.51e-08 6.5e-09 0.000693753
3.16e-08 8.2e-09 0.000820882
3.98e-08 1.03e-08 0.000901897
5.01e-08 1.3e-08 0.000903394
6.31e-08 1.63e-08 0.000807277
7.94e-08 2.06e-08 0.000628596
1e-07 2.6e-08 0.000418772
1.26e-07 3.2e-08 0.000241927
1.58e-07 4.2e-08 0.000135892
2e-07 5.1e-08 9.46171e-05
2.51e-07 6.5e-08 8.80577e-05
3.16e-07 8.2e-08 9.22087e-05
3.98e-07 1.03e-07 9.76701e-05
5.01e-07 1.3e-07 0.000102555
6.31e-07 1.63e-07 0.00010672
7.94e-07 2.06e-07 0.000110227
1e-06 2.6e-07 0.000113161
1.26e-06 3.2e-07 0.000115608
1.58e-06 4.2e-07 0.00011765
2e-06 5.1e-07 0.00011936
2.51e-06 6.5e-07 0.0001208
3.16e-06 8.2e-07 0.000122024
3.98e-06 1.03e-06 0.000123075
5.01e-06 1.3e-06 0.000123988
6.31e-06 1.63e-06 0.000124791
7.94e-06 2.06e-06 0.000125506
1e-05 2.6e-06 0.000126152
1.26e-05 3.2e-06 0.000126743
1.58e-05 4.2e-06 0.000127291
2e-05 5.1e-06 0.000127803
2.51e-05 6.5e-06 0.000128289
3.16e-05 8.2e-06 0.000128755
3.98e-05 1.03e-05 0.000129206
5.01e-05 1.3e-05 0.000129648
6.31e-05 1.63e-05 0.000130084
7.94e-05 2.06e-05 0.00013052
0.0001 2.5897e-05 0.000130961
0.000125897 3.2591e-05 0.00013141
0.000158488 4.1041e-05 0.000131874
0.000199529 5.1662e-05 0.000132357
0.000251191 6.5038e-05 0.000132867
0.000316229 8.1881e-05 0.000133411
0.00039811 0.00010308 0.000133997
0.00050119 0.000129765 0.000134634
0.000630955 0.00016338 0.000135334
0.000794335 0.000205665 0.00013611
0.001 0.00025896 0.000136977
0.00125896 0.00032592 0.000137951
0.00158488 0.00041041 0.000139055
0.00199529 0.00051662 0.000140312
0.00251191 0.00065039 0.000141749
0.0031623 0.0008188 0.000143402
0.0039811 0.0010308 0.000145308
0.0050119 0.00129765 0.000147514
0.00630955 0.0016338 0.000150074
0.00794335 0.00205665 0.000153054
0.01 0.0025886 0.000156529
0.0125886 0.0032603 0.000160593
0.0158489 0.004104 0.000165351
0.0199529 0.0051663 0.000170933
0.0251192 0.0065037 0.000177493
0.0316229 0.0081881 0.000185213
0.039811 0.010308 0.000194311
0.050119 0.0129765 0.000205043
0.0630955 0.016337 0.000217713
0.0794325 0.0205675 0.000232674
0.1 0.025886 0.000250324
0.125886 0.032602 0.000271129
0.158488 0.041041 0.000295564
0.199529 0.051662 0.000324113
0.251191 0.065038 0.000357206
0.316229 0.081881 0.000395115
0.39811 0.10308 0.000437803
0.50119 0.129775 0.000484714
0.630965 0.16336 0.00053449
0.794325 0.205675 0.000584709
1 0.25886 0.000631596
1.25886 0.32603 0.000670092
1.58489 0.4104 0.000694132
1.99529 0.51662 0.000697796
2.51191 0.65039 0.000677029
3.1623 0.8188 0.000631816
3.9811 1.0308 0.000567853
5.0119 1.29765 0.000496346
6.30955 1.6338 0.000430893
7.94335 2.05665 0.000382247
10 2.5897 0.000353981
12.5897 3.2592 0.000342873
15.8489 4.1039 0.000344121
19.9528 5.1663 0.00035719
25.1191 6.5038 0.00038757
31.6229 8.1881 0.000443836
39.811 10.308 0.000531829
50.119 12.9765 0.000648041
63.0955 16.338 0.000775397
79.4335 20.5665 0.000885262
100 25.887 0.000947055
125.887 32.601 0.000940735
158.488 41.04 0.000864506
199.528 51.663 0.000733392
251.191 65.038 0.00057193
316.229 81.881 0.000408004
398.11 103.08 0.000267314
501.19 129.775 0.000164687
630.965 163.37 9.95909e-05
794.335 205.665 6.19196e-05
1000 258.86 4.06891e-05
1258.86 326.03 2.82334e-05
1584.89 410.39 2.03312e-05
1995.28 516.64 1.49223e-05
2511.92 650.38 1.1036e-05
3162.3 818.8 8.17925e-06
3981.1 1030.8 6.06236e-06
5011.9 1297.75 4.49092e-06
6309.65 1633.7 3.32491e-06
7943.35 2056.65 2.4604e-06
10000 2588.7 1.8201e-06
12588.7 3260.1 1.34584e-06
15848.8 4104 9.94981e-07
19952.8 5166.4 7.35504e-07
25119.2 6503.7 5.43648e-07
31622.9 8188.1 4.01816e-07
39811 10308 2.96985e-07
50119 12977.5 2.19507e-07
63096.5 16336 1.62256e-07
79432.5 20567.5 1.19943e-07
100000 25886 8.86785e-08
125886 32602 6.55625e-08
158488 41040 4.84805e-08
199528 51664 3.58553e-08
251192 65038 2.65223e-08
316230 81880 1.96219e-08
398110 103080 1.45196e-08
501190 129775 1.0746e-08
630965 163360 7.95516e-09
794325 205675 5.89029e-09
1e+06 1.15886e+07 4.36271e-09
1.25886e+07 3.2603e+06 3.23167e-09
1.58489e+07 4.104e+06 2.39457e-09
1.99529e+07 5.1662e+06 1.77483e-09
2.51191e+07 6.5039e+06 1.31588e-09
3.1623e+07 8.188e+06 9.75885e-10
3.9811e+07 1.0308e+07 7.23967e-10
5.0119e+07 1.29765e+07 5.37248e-10
