1e-09 2.6e-10 3.62432e-06
1.26e-09 3.2e-10 5.57677e-06
1.58e-09 4.2e-10 8.57926e-06
2e-09 5.1e-10 1.31785e-05
2.51e-09 6.5e-10 2.01873e-05
3.16e-09 8.2e-10 3.07915e-05
3.98e-09 1.03e-09 4.66804e-05
5.01e-09 1.3e-09 7.01859e-05
6.31e-09 1.63e-09 0.000104376
7.94e-09 2.06e-09 0.000153041
1e-08 2.6e-09 0.000220319
1.26e-08 3.2e-09 0.000309939
1.58e-08 4.2e-09 0.000423322
2e-08 5.1e-09 0.000557
2.51e-08 6.5e-09 0.000699222
3.16e-08 8.2e-09 0.000827357
3.98e-08 1.03e-08 0.00090902
5.01e-08 1.3e-08 0.000910548
6.31e-08 1.63e-08 0.000813701
7.94e-08 2.06e-08 0.000633647
1e-07 2.6e-08 0.000422209
1.26e-07 3.2e-08 0.000244008
1.58e-07 4.2e-08 0.000137169
2e-07 5.1e-08 9.55958e-05
2.51e-07 6.5e-08 8.90069e-05
3.16e-07 8.2e-08 9.321e-05
3.98e-07 1.03e-07 9.87314e-05
5.01e-07 1.3e-07 0.000103669
6.31e-07 1.63e-07 0.000107879
7.94e-07 2.06e-07 0.000111425
1e-06 2.6e-07 0.00011439
1.26e-06 3.2e-07 0.000116864
1.58e-06 4.2e-07 0.000118928
2e-06 5.1e-07 0.000120657
2.51e-06 6.5e-07 0.000122113
3.16e-06 8.2e-07 0.00012335
3.98e-06 1.03e-06 0.000124412
5.01e-06 1.3e-06 0.000125335
6.31e-06 1.63e-06 0.000126147
7.94e-06 2.06e-06 0.00012687
1e-05 2.6e-06 0.000127523
1.26e-05 3.2e-06 0.000128121
1.58e-05 4.2e-06 0.000128674
2e-05 5.1e-06 0.000129192
2.51e-05 6.5e-06 0.000129683
3.16e-05 8.2e-06 0.000130154
3.98e-05 1.03e-05 0.00013061
5.01e-05 1.3e-05 0.000131056
6.31e-05 1.63e-05 0.000131497
7.94e-05 2.06e-05 0.000131938
0.0001 2.5897e-05 0.000132383
0.000125897 3.2591e-05 0.000132838
0.000158488 4.1041e-05 0.000133306
0.000199529 5.1662e-05 0.000133795
0.000251191 6.5038e-05 0.000134311
0.000316229 8.1881e-05 0.00013486
0.00039811 0.00010308 0.000135453
0.00050119 0.000129765 0.000136097
0.000630955 0.00016338 0.000136805
0.000794335 0.000205665 0.000137589
0.001 0.00025896 0.000138465
0.00125896 0.00032592 0.00013945
0.00158488 0.00041041 0.000140565
0.00199529 0.00051662 0.000141836
0.00251191 0.00065039 0.000143289
0.0031623 0.0008188 0.000144959
0.0039811 0.0010308 0.000146886
0.0050119 0.00129765 0.000149116
0.00630955 0.0016338 0.000151704
0.00794335 0.00205665 0.000154717
0.01 0.0025886 0.000158229
0.0125886 0.0032603 0.000162337
0.0158489 0.004104 0.000167147
0.0199529 0.0051663 0.00017279
0.0251192 0.0065037 0.00017942
0.0316229 0.0081881 0.000187224
0.039811 0.010308 0.000196419
0.050119 0.0129765 0.000207265
0.0630955 0.016337 0.000220069
0.0794325 0.0205675 0.000235187
0.1 0.025886 0.000253018
0.125886 0.032602 0.000274032
0.158488 0.041041 0.000298706
0.199529 0.051662 0.000327524
0.251191 0.065038 0.000360913
0.316229 0.081881 0.000399141
0.39811 0.10308 0.000442156
0.50119 0.129775 0.000489384
0.630965 0.16336 0.00053944
0.794325 0.205675 0.000589867
1 0.25886 0.000636851
1.25886 0.32603 0.000675295
1.58489 0.4104 0.000699107
1.99529 0.51662 0.000702362
2.51191 0.65039 0.000681031
3.1623 0.8188 0.000635154
3.9811 1.0308 0.000570509
5.0119 1.29765 0.000498382
6.30955 1.6338 0.000432431
7.94335 2.05665 0.000383425
10 2.5897 0.000354917
12.5897 3.2592 0.000343646
15.8489 4.1039 0.00034478
19.9528 5.1663 0.000357768
25.1191 6.5038 0.000388098
31.6229 8.1881 0.000444343
39.811 10.308 0.000532338
50.119 12.9765 0.00064856
63.0955 16.338 0.000775915
79.4335 20.5665 0.000885754
100 25.887 0.000947493
125.887 32.601 0.000941097
158.488 41.04 0.000864781
199.528 51.663 0.000733586
251.191 65.038 0.000572055
316.229 81.881 0.000408079
398.11 103.08 0.000267354
501.19 129.775 0.000164708
630.965 163.37 9.96012e-05
794.335 205.665 6.19249e-05
1000 258.86 4.06919e-05
1258.86 326.03 2.82351e-05
1584.89 410.39 2.03322e-05
1995.28 516.64 1.49229e-05
2511.92 650.38 1.10364e-05
3162.3 818.8 8.17948e-06
3981.1 1030.8 6.0625e-06
5011.9 1297.75 4.49101e-06
6309.65 1633.7 3.32496e-06
7943.35 2056.65 2.46043e-06
10000 2588.7 1.82012e-06
12588.7 3260.1 1.34585e-06
15848.8 4104 9.94989e-07
19952.8 5166.4 7.35508e-07
25119.2 6503.7 5.4365e-07
31622.9 8188.1 4.01818e-07
39811 10308 2.96986e-07
50119 12977.5 2.19508e-07
63096.5 16336 1.62256e-07
79432.5 20567.5 1.19943e-07
100000 25886 8.86787e-08
125886 32602 6.55626e-08
158488 41040 4.84806e-08
199528 51664 3.58553e-08
251192 65038 2.65224e-08
316230 81880 1.9622e-08
398110 103080 1.45196e-08
501190 129775 1.07461e-08
630965 163360 7.95516e-09
794325 205675 5.8903e-09
1e+06 1.15886e+07 4.36271e-09
1.25886e+07 3.2603e+06 3.23167e-09
1.58489e+07 4.104e+06 2.39457e-09
1.99529e+07 5.1662e+06 1.77483e-09
2.51191e+07 6.5039e+06 1.31588e-09
3.1623e+07 8.188e+06 9.75885e-10
3.9811e+07 1.0308e+07 7.23967e-10
5.0119e+07 1.29765e+07 5.37248e-10
