1e-09 2.6e-10 3.34085e-06
1.26e-09 3.2e-10 5.14222e-06
1.58e-09 4.2e-10 7.91291e-06
2e-09 5.1e-10 1.21578e-05
2.51e-09 6.5e-10 1.86274e-05
3.16e-09 8.2e-10 2.8417e-05
3.98e-09 1.03e-09 4.30866e-05
5.01e-09 1.3e-09 6.47901e-05
6.31e-09 1.63e-09 9.63609e-05
7.94e-09 2.06e-09 0.0001413
1e-08 2.6e-09 0.000203429
1.26e-08 3.2e-09 0.000286191
1.58e-08 4.2e-09 0.000390897
2e-08 5.1e-09 0.000514343
2.51e-08 6.5e-09 0.00064567
3.16e-08 8.2e-09 0.000763968
3.98e-08 1.03e-08 0.000839317
5.01e-08 1.3e-08 0.000840616
6.31e-08 1.63e-08 0.000751017
7.94e-08 2.06e-08 0.000584534
1e-07 2.6e-08 0.000389049
1.26e-07 3.2e-08 0.000224265
1.58e-07 4.2e-08 0.000125412
2e-07 5.1e-08 8.68617e-05
2.51e-07 6.5e-08 8.06426e-05
3.16e-07 8.2e-08 8.44064e-05
3.98e-07 1.03e-07 8.94024e-05
5.01e-07 1.3e-07 9.38736e-05
6.31e-07 1.63e-07 9.76857e-05
7.94e-07 2.06e-07 0.000100896
1e-06 2.6e-07 0.000103581
1.26e-06 3.2e-07 0.000105822
1.58e-06 4.2e-07 0.000107691
2e-06 5.1e-07 0.000109256
2.51e-06 6.5e-07 0.000110574
3.16e-06 8.2e-07 0.000111695
3.98e-06 1.03e-06 0.000112657
5.01e-06 1.3e-06 0.000113492
6.31e-06 1.63e-06 0.000114227
7.94e-06 2.06e-06 0.000114882
1e-05 2.6e-06 0.000115473
1.26e-05 3.2e-06 0.000116014
1.58e-05 4.2e-06 0.000116515
2e-05 5.1e-06 0.000116985
2.51e-05 6.5e-06 0.00011743
3.16e-05 8.2e-06 0.000117856
3.98e-05 1.03e-05 0.000118269
5.01e-05 1.3e-05 0.000118673
6.31e-05 1.63e-05 0.000119072
7.94e-05 2.06e-05 0.000119471
0.0001 2.5897e-05 0.000119875
0.000125897 3.2591e-05 0.000120286
0.000158488 4.1041e-05 0.00012071
0.000199529 5.1662e-05 0.000121153
0.000251191 6.5038e-05 0.00012162
0.000316229 8.1881e-05 0.000122117
0.00039811 0.00010308 0.000122653
0.00050119 0.000129765 0.000123236
0.000630955 0.00016338 0.000123877
0.000794335 0.000205665 0.000124586
0.001 0.00025896 0.000125379
0.00125896 0.00032592 0.00012627
0.00158488 0.00041041 0.000127279
0.00199529 0.00051662 0.000128428
0.00251191 0.00065039 0.000129743
0.0031623 0.0008188 0.000131253
0.0039811 0.0010308 0.000132995
0.0050119 0.00129765 0.00013501
0.00630955 0.0016338 0.00013735
0.00794335 0.00205665 0.000140071
0.01 0.0025886 0.000143245
0.0125886 0.0032603 0.000146956
0.0158489 0.004104 0.0001513
0.0199529 0.0051663 0.000156397
0.0251192 0.0065037 0.000162385
0.0316229 0.0081881 0.000169433
0.039811 0.010308 0.00017774
0.050119 0.0129765 0.000187541
0.0630955 0.016337 0.000199117
0.0794325 0.0205675 0.000212794
0.1 0.025886 0.000228945
0.125886 0.032602 0.000248008
0.158488 0.041041 0.000270438
0.199529 0.051662 0.00029671
0.251191 0.065038 0.000327263
0.316229 0.081881 0.000362412
0.39811 0.10308 0.000402207
0.50119 0.129775 0.000446244
0.630965 0.16336 0.000493391
0.794325 0.205675 0.00054152
1 0.25886 0.000587206
1.25886 0.32603 0.000625742
1.58489 0.4104 0.000651336
1.99529 0.51662 0.000658159
2.51191 0.65039 0.000641989
3.1623 0.8188 0.000602342
3.9811 1.0308 0.000544221
5.0119 1.29765 0.000478095
6.30955 1.6338 0.000417018
7.94335 2.05665 0.000371555
10 2.5897 0.000345441
12.5897 3.2592 0.000335784
15.8489 4.1039 0.000338058
19.9528 5.1663 0.000351852
25.1191 6.5038 0.000382677
31.6229 8.1881 0.000439119
39.811 10.308 0.000527086
50.119 12.9765 0.000643203
63.0955 16.338 0.000770563
79.4335 20.5665 0.00088066
100 25.887 0.000942956
125.887 32.601 0.00093735
158.488 41.04 0.000861921
199.528 51.663 0.000731573
251.191 65.038 0.000570753
316.229 81.881 0.000407309
398.11 103.08 0.000266936
501.19 129.775 0.000164495
630.965 163.37 9.94945e-05
794.335 205.665 6.187e-05
1000 258.86 4.06621e-05
1258.86 326.03 2.8218e-05
1584.89 410.39 2.0322e-05
1995.28 516.64 1.49167e-05
2511.92 650.38 1.10326e-05
3162.3 818.8 8.17716e-06
3981.1 1030.8 6.06108e-06
5011.9 1297.75 4.49014e-06
6309.65 1633.7 3.32443e-06
7943.35 2056.65 2.46011e-06
10000 2588.7 1.81992e-06
12588.7 3260.1 1.34573e-06
15848.8 4104 9.94914e-07
19952.8 5166.4 7.35463e-07
25119.2 6503.7 5.43623e-07
31622.9 8188.1 4.01801e-07
39811 10308 2.96976e-07
50119 12977.5 2.19502e-07
63096.5 16336 1.62252e-07
79432.5 20567.5 1.19941e-07
100000 25886 8.86772e-08
125886 32602 6.55617e-08
158488 41040 4.848e-08
199528 51664 3.5855e-08
251192 65038 2.65221e-08
316230 81880 1.96218e-08
398110 103080 1.45195e-08
501190 129775 1.0746e-08
630965 163360 7.95514e-09
794325 205675 5.89028e-09
1e+06 1.15886e+07 4.3627e-09
1.25886e+07 3.2603e+06 3.23166e-09
1.58489e+07 4.104e+06 2.39456e-09
1.99529e+07 5.1662e+06 1.77483e-09
2.51191e+07 6.5039e+06 1.31587e-09
3.1623e+07 8.188e+06 9.75884e-10
3.9811e+07 1.0308e+07 7.23966e-10
5.0119e+07 1.29765e+07 5.37248e-10
