1e-09 2.6e-10 3.89059e-06
1.26e-09 3.2e-10 5.98274e-06
1.58e-09 4.2e-10 9.19882e-06
2e-09 5.1e-10 1.41237e-05
2.51e-09 6.5e-10 2.16266e-05
3.16e-09 8.2e-10 3.2976e-05
3.98e-09 1.03e-09 4.99781e-05
5.01e-09 1.3e-09 7.51268e-05
6.31e-09 1.63e-09 0.000111703
7.94e-09 2.06e-09 0.000163759
1e-08 2.6e-09 0.00023572
1.26e-08 3.2e-09 0.000331575
1.58e-08 4.2e-09 0.000452846
2e-08 5.1e-09 0.000595832
2.51e-08 6.5e-09 0.000747978
3.16e-08 8.2e-09 0.000885102
3.98e-08 1.03e-08 0.000972597
5.01e-08 1.3e-08 0.000974486
6.31e-08 1.63e-08 0.000871276
7.94e-08 2.06e-08 0.000679172
1e-07 2.6e-08 0.000453546
1.26e-07 3.2e-08 0.000263449
1.58e-07 4.2e-08 0.000149612
2e-07 5.1e-08 0.00010551
2.51e-07 6.5e-08 9.87719e-05
3.16e-07 8.2e-08 0.000103538
3.98e-07 1.03e-07 0.00010968
5.01e-07 1.3e-07 0.000115166
6.31e-07 1.63e-07 0.000119843
7.94e-07 2.06e-07 0.000123782
1e-06 2.6e-07 0.000127076
1.26e-06 3.2e-07 0.000129824
1.58e-06 4.2e-07 0.000132117
2e-06 5.1e-07 0.000134037
2.51e-06 6.5e-07 0.000135654
3.16e-06 8.2e-07 0.000137029
3.98e-06 1.03e-06 0.000138209
5.01e-06 1.3e-06 0.000139234
6.31e-06 1.63e-06 0.000140136
7.94e-06 2.06e-06 0.000140939
1e-05 2.6e-06 0.000141665
1.26e-05 3.2e-06 0.000142328
1.58e-05 4.2e-06 0.000142943
2e-05 5.1e-06 0.000143518
2.51e-05 6.5e-06 0.000144064
3.16e-05 8.2e-06 0.000144587
3.98e-05 1.03e-05 0.000145093
5.01e-05 1.3e-05 0.000145589
6.31e-05 1.63e-05 0.000146078
7.94e-05 2.06e-05 0.000146568
0.0001 2.5897e-05 0.000147062
0.000125897 3.2591e-05 0.000147566
0.000158488 4.1041e-05 0.000148086
0.000199529 5.1662e-05 0.000148629
0.000251191 6.5038e-05 0.000149201
0.000316229 8.1881e-05 0.000149811
0.00039811 0.00010308 0.000150468
0.00050119 0.000129765 0.000151182
0.000630955 0.00016338 0.000151967
0.000794335 0.000205665 0.000152837
0.001 0.00025896 0.000153808
0.00125896 0.00032592 0.0001549
0.00158488 0.00041041 0.000156137
0.00199529 0.00051662 0.000157545
0.00251191 0.00065039 0.000159155
0.0031623 0.0008188 0.000161006
0.0039811 0.0010308 0.000163141
0.0050119 0.00129765 0.000165611
0.00630955 0.0016338 0.000168479
0.00794335 0.00205665 0.000171815
0.01 0.0025886 0.000175704
0.0125886 0.0032603 0.000180251
0.0158489 0.004104 0.000185574
0.0199529 0.0051663 0.000191816
0.0251192 0.0065037 0.000199147
0.0316229 0.0081881 0.000207769
0.039811 0.010308 0.000217922
0.050119 0.0129765 0.000229885
0.0630955 0.016337 0.000243988
0.0794325 0.0205675 0.000260613
0.1 0.025886 0.000280183
0.125886 0.032602 0.000303187
0.158488 0.041041 0.000330109
0.199529 0.051662 0.000361429
0.251191 0.065038 0.000397539
0.316229 0.081881 0.000438632
0.39811 0.10308 0.000484534
0.50119 0.129775 0.000534477
0.630965 0.16336 0.000586819
0.794325 0.205675 0.000638785
1 0.25886 0.000686215
1.25886 0.32603 0.000723701
1.58489 0.4104 0.000744953
1.99529 0.51662 0.00074405
2.51191 0.65039 0.000717237
3.1623 0.8188 0.000665103
3.9811 1.0308 0.00059415
5.0119 1.29765 0.000516381
6.30955 1.6338 0.000445938
7.94335 2.05665 0.000393714
10 2.5897 0.000363051
12.5897 3.2592 0.000350339
15.8489 4.1039 0.000350461
19.9528 5.1663 0.000362737
25.1191 6.5038 0.000392626
31.6229 8.1881 0.000448687
39.811 10.308 0.000536688
50.119 12.9765 0.000652981
63.0955 16.338 0.000780321
79.4335 20.5665 0.000889939
100 25.887 0.000951213
125.887 32.601 0.000944163
158.488 41.04 0.000867119
199.528 51.663 0.00073523
251.191 65.038 0.000573117
316.229 81.881 0.000408706
398.11 103.08 0.000267695
501.19 129.775 0.000164881
630.965 163.37 9.9688e-05
794.335 205.665 6.19696e-05
1000 258.86 4.07162e-05
1258.86 326.03 2.8249e-05
1584.89 410.39 2.03405e-05
1995.28 516.64 1.4928e-05
2511.92 650.38 1.10395e-05
3162.3 818.8 8.18136e-06
3981.1 1030.8 6.06365e-06
5011.9 1297.75 4.49171e-06
6309.65 1633.7 3.32539e-06
7943.35 2056.65 2.4607e-06
10000 2588.7 1.82028e-06
12588.7 3260.1 1.34595e-06
15848.8 4104 9.95049e-07
19952.8 5166.4 7.35545e-07
25119.2 6503.7 5.43673e-07
31622.9 8188.1 4.01832e-07
39811 10308 2.96995e-07
50119 12977.5 2.19513e-07
63096.5 16336 1.62259e-07
79432.5 20567.5 1.19945e-07
100000 25886 8.86798e-08
125886 32602 6.55633e-08
158488 41040 4.8481e-08
199528 51664 3.58556e-08
251192 65038 2.65225e-08
316230 81880 1.96221e-08
398110 103080 1.45197e-08
501190 129775 1.07461e-08
630965 163360 7.95519e-09
794325 205675 5.89031e-09
1e+06 1.15886e+07 4.36272e-09
1.25886e+07 3.2603e+06 3.23167e-09
1.58489e+07 4.104e+06 2.39457e-09
1.99529e+07 5.1662e+06 1.77484e-09
2.51191e+07 6.5039e+06 1.31588e-09
3.1623e+07 8.188e+06 9.75886e-10
3.9811e+07 1.0308e+07 7.23967e-10
5.0119e+07 1.29765e+07 5.37248e-10
