1e-09 2.6e-10 3.32612e-06
1.26e-09 3.2e-10 5.1196e-06
1.58e-09 4.2e-10 7.87814e-06
2e-09 5.1e-10 1.21044e-05
2.51e-09 6.5e-10 1.85458e-05
3.16e-09 8.2e-10 2.82926e-05
3.98e-09 1.03e-09 4.28981e-05
5.01e-09 1.3e-09 6.45069e-05
6.31e-09 1.63e-09 9.59399e-05
7.94e-09 2.06e-09 0.000140683
1e-08 2.6e-09 0.000202541
1.26e-08 3.2e-09 0.000284942
1.58e-08 4.2e-09 0.000389191
2e-08 5.1e-09 0.000512099
2.51e-08 6.5e-09 0.000642852
3.16e-08 8.2e-09 0.000760633
3.98e-08 1.03e-08 0.000835652
5.01e-08 1.3e-08 0.000836943
6.31e-08 1.63e-08 0.00074773
7.94e-08 2.06e-08 0.000581969
1e-07 2.6e-08 0.00038733
1.26e-07 3.2e-08 0.00022326
1.58e-07 4.2e-08 0.000124833
2e-07 5.1e-08 8.64474e-05
2.51e-07 6.5e-08 8.0252e-05
3.16e-07 8.2e-08 8.39964e-05
3.98e-07 1.03e-07 8.89681e-05
5.01e-07 1.3e-07 9.34176e-05
6.31e-07 1.63e-07 9.72112e-05
7.94e-07 2.06e-07 0.000100406
1e-06 2.6e-07 0.000103078
1.26e-06 3.2e-07 0.000105308
1.58e-06 4.2e-07 0.000107168
2e-06 5.1e-07 0.000108725
2.51e-06 6.5e-07 0.000110037
3.16e-06 8.2e-07 0.000111152
3.98e-06 1.03e-06 0.000112109
5.01e-06 1.3e-06 0.000112941
6.31e-06 1.63e-06 0.000113672
7.94e-06 2.06e-06 0.000114324
1e-05 2.6e-06 0.000114912
1.26e-05 3.2e-06 0.000115451
1.58e-05 4.2e-06 0.000115949
2e-05 5.1e-06 0.000116416
2.51e-05 6.5e-06 0.000116859
3.16e-05 8.2e-06 0.000117283
3.98e-05 1.03e-05 0.000117694
5.01e-05 1.3e-05 0.000118096
6.31e-05 1.63e-05 0.000118494
7.94e-05 2.06e-05 0.000118891
0.0001 2.5897e-05 0.000119292
0.000125897 3.2591e-05 0.000119701
0.000158488 4.1041e-05 0.000120124
0.000199529 5.1662e-05 0.000120564
0.000251191 6.5038e-05 0.000121029
0.000316229 8.1881e-05 0.000121524
0.00039811 0.00010308 0.000122057
0.00050119 0.000129765 0.000122637
0.000630955 0.00016338 0.000123275
0.000794335 0.000205665 0.000123981
0.001 0.00025896 0.000124769
0.00125896 0.00032592 0.000125656
0.00158488 0.00041041 0.00012666
0.00199529 0.00051662 0.000127804
0.00251191 0.00065039 0.000129111
0.0031623 0.0008188 0.000130614
0.0039811 0.0010308 0.000132347
0.0050119 0.00129765 0.000134352
0.00630955 0.0016338 0.00013668
0.00794335 0.00205665 0.000139388
0.01 0.0025886 0.000142545
0.0125886 0.0032603 0.000146237
0.0158489 0.004104 0.000150559
0.0199529 0.0051663 0.000155629
0.0251192 0.0065037 0.000161587
0.0316229 0.0081881 0.000168598
0.039811 0.010308 0.000176862
0.050119 0.0129765 0.000186612
0.0630955 0.016337 0.000198128
0.0794325 0.0205675 0.000211734
0.1 0.025886 0.000227802
0.125886 0.032602 0.000246768
0.158488 0.041041 0.000269085
0.199529 0.051662 0.000295228
0.251191 0.065038 0.000325636
0.316229 0.081881 0.000360625
0.39811 0.10308 0.00040025
0.50119 0.129775 0.000444114
0.630965 0.16336 0.000491098
0.794325 0.205675 0.000539091
1 0.25886 0.000584689
1.25886 0.32603 0.000623205
1.58489 0.4104 0.000648866
1.99529 0.51662 0.000655852
2.51191 0.65039 0.000639933
3.1623 0.8188 0.000600598
3.9811 1.0308 0.000542812
5.0119 1.29765 0.000477
6.30955 1.6338 0.00041618
7.94335 2.05665 0.000370905
10 2.5897 0.00034492
12.5897 3.2592 0.000335349
15.8489 4.1039 0.000337684
19.9528 5.1663 0.000351522
25.1191 6.5038 0.000382374
31.6229 8.1881 0.000438827
39.811 10.308 0.000526791
50.119 12.9765 0.000642902
63.0955 16.338 0.000770261
79.4335 20.5665 0.000880372
100 25.887 0.0009427
125.887 32.601 0.000937138
158.488 41.04 0.000861759
199.528 51.663 0.000731459
251.191 65.038 0.000570679
316.229 81.881 0.000407265
398.11 103.08 0.000266913
501.19 129.775 0.000164483
630.965 163.37 9.94884e-05
794.335 205.665 6.18669e-05
1000 258.86 4.06604e-05
1258.86 326.03 2.8217e-05
1584.89 410.39 2.03214e-05
1995.28 516.64 1.49164e-05
2511.92 650.38 1.10324e-05
3162.3 818.8 8.17702e-06
3981.1 1030.8 6.06099e-06
5011.9 1297.75 4.49009e-06
6309.65 1633.7 3.3244e-06
7943.35 2056.65 2.46009e-06
10000 2588.7 1.81991e-06
12588.7 3260.1 1.34572e-06
15848.8 4104 9.9491e-07
19952.8 5166.4 7.3546e-07
25119.2 6503.7 5.43621e-07
31622.9 8188.1 4.018e-07
39811 10308 2.96975e-07
50119 12977.5 2.19501e-07
63096.5 16336 1.62252e-07
79432.5 20567.5 1.1994e-07
100000 25886 8.86771e-08
125886 32602 6.55617e-08
158488 41040 4.848e-08
199528 51664 3.5855e-08
251192 65038 2.65221e-08
316230 81880 1.96218e-08
398110 103080 1.45195e-08
501190 129775 1.0746e-08
630965 163360 7.95513e-09
794325 205675 5.89028e-09
1e+06 1.15886e+07 4.3627e-09
1.25886e+07 3.2603e+06 3.23166e-09
1.58489e+07 4.104e+06 2.39456e-09
1.99529e+07 5.1662e+06 1.77483e-09
2.51191e+07 6.5039e+06 1.31587e-09
3.1623e+07 8.188e+06 9.75884e-10
3.9811e+07 1.0308e+07 7.23966e-10
5.0119e+07 1.29765e+07 5.37248e-10
