1e-09 2.6e-10 4.94648e-06
1.26e-09 3.2e-10 7.45072e-06
1.58e-09 4.2e-10 1.12493e-05
2e-09 5.1e-10 1.70003e-05
2.51e-09 6.5e-10 2.56773e-05
3.16e-09 8.2e-10 3.86962e-05
3.98e-09 1.03e-09 5.80679e-05
5.01e-09 1.3e-09 8.65631e-05
6.31e-09 1.63e-09 0.000127823
7.94e-09 2.06e-09 0.000186347
1e-08 2.6e-09 0.000267057
1.26e-08 3.2e-09 0.000374427
1.58e-08 4.2e-09 0.000510268
2e-08 5.1e-09 0.000670733
2.51e-08 6.5e-09 0.000842361
3.16e-08 8.2e-09 0.000999042
3.98e-08 1.03e-08 0.0011033
5.01e-08 1.3e-08 0.00111608
6.31e-08 1.63e-08 0.00101612
7.94e-08 2.06e-08 0.000820777
1e-07 2.6e-08 0.000589838
1.26e-07 3.2e-08 0.000397818
1.58e-07 4.2e-08 0.000288467
2e-07 5.1e-08 0.000254231
2.51e-07 6.5e-08 0.000259585
3.16e-07 8.2e-08 0.000276196
3.98e-07 1.03e-07 0.000292943
5.01e-07 1.3e-07 0.00030761
6.31e-07 1.63e-07 0.000320101
7.94e-07 2.06e-07 0.000330621
1e-06 2.6e-07 0.000339418
1.26e-06 3.2e-07 0.000346759
1.58e-06 4.2e-07 0.000352882
2e-06 5.1e-07 0.000358008
2.51e-06 6.5e-07 0.000362327
3.16e-06 8.2e-07 0.000365995
3.98e-06 1.03e-06 0.000369144
5.01e-06 1.3e-06 0.000371879
6.31e-06 1.63e-06 0.000374282
7.94e-06 2.06e-06 0.000376423
1e-05 2.6e-06 0.000378353
1.26e-05 3.2e-06 0.000380117
1.58e-05 4.2e-06 0.000381748
2e-05 5.1e-06 0.000383274
2.51e-05 6.5e-06 0.000384717
3.16e-05 8.2e-06 0.000386096
3.98e-05 1.03e-05 0.000387427
5.01e-05 1.3e-05 0.000388724
6.31e-05 1.63e-05 0.000390001
7.94e-05 2.06e-05 0.00039127
0.0001 2.5897e-05 0.000392543
0.000125897 3.2591e-05 0.000393833
0.000158488 4.1041e-05 0.000395154
0.000199529 5.1662e-05 0.000396521
0.000251191 6.5038e-05 0.000397948
0.000316229 8.1881e-05 0.000399454
0.00039811 0.00010308 0.00040106
0.00050119 0.000129765 0.000402788
0.000630955 0.00016338 0.000404664
0.000794335 0.000205665 0.00040672
0.001 0.00025896 0.000408988
0.00125896 0.00032592 0.000411509
0.00158488 0.00041041 0.000414329
0.00199529 0.00051662 0.000417499
0.00251191 0.00065039 0.00042108
0.0031623 0.0008188 0.000425142
0.0039811 0.0010308 0.000429762
0.0050119 0.00129765 0.000435034
0.00630955 0.0016338 0.000441061
0.00794335 0.00205665 0.000447962
0.01 0.0025886 0.00045587
0.0125886 0.0032603 0.000464948
0.0158489 0.004104 0.000475363
0.0199529 0.0051663 0.000487314
0.0251192 0.0065037 0.000501019
0.0316229 0.0081881 0.000516723
0.039811 0.010308 0.000534692
0.050119 0.0129765 0.000555208
0.0630955 0.016337 0.000578574
0.0794325 0.0205675 0.000605091
0.1 0.025886 0.000635032
0.125886 0.032602 0.00066866
0.158488 0.041041 0.000706102
0.199529 0.051662 0.000747343
0.251191 0.065038 0.000792115
0.316229 0.081881 0.000839766
0.39811 0.10308 0.000889091
0.50119 0.129775 0.00093815
0.630965 0.16336 0.000984059
0.794325 0.205675 0.00102288
1 0.25886 0.0010496
1.25886 0.32603 0.00105846
1.58489 0.4104 0.00104372
1.99529 0.51662 0.00100103
2.51191 0.65039 0.000929271
3.1623 0.8188 0.000832501
3.9811 1.0308 0.000720869
5.0119 1.29765 0.000609331
6.30955 1.6338 0.00051345
7.94335 2.05665 0.000443699
10 2.5897 0.000401607
12.5897 3.2592 0.000381398
15.8489 4.1039 0.000376351
19.9528 5.1663 0.000385035
25.1191 6.5038 0.000412684
31.6229 8.1881 0.000467718
39.811 10.308 0.000555571
50.119 12.9765 0.000672026
63.0955 16.338 0.000799177
79.4335 20.5665 0.000907746
100 25.887 0.000966968
125.887 32.601 0.000957104
158.488 41.04 0.00087695
199.528 51.663 0.000742125
251.191 65.038 0.000577561
316.229 81.881 0.000411326
398.11 103.08 0.000269113
501.19 129.775 0.000165604
630.965 163.37 0.000100049
794.335 205.665 6.2155e-05
1000 258.86 4.08169e-05
1258.86 326.03 2.83067e-05
1584.89 410.39 2.03748e-05
1995.28 516.64 1.49488e-05
2511.92 650.38 1.10522e-05
3162.3 818.8 8.18915e-06
3981.1 1030.8 6.06842e-06
5011.9 1297.75 4.49463e-06
6309.65 1633.7 3.32718e-06
7943.35 2056.65 2.46179e-06
10000 2588.7 1.82095e-06
12588.7 3260.1 1.34636e-06
15848.8 4104 9.95298e-07
19952.8 5166.4 7.35697e-07
25119.2 6503.7 5.43766e-07
31622.9 8188.1 4.01888e-07
39811 10308 2.97029e-07
50119 12977.5 2.19534e-07
63096.5 16336 1.62272e-07
79432.5 20567.5 1.19953e-07
100000 25886 8.86846e-08
125886 32602 6.55663e-08
158488 41040 4.84828e-08
199528 51664 3.58567e-08
251192 65038 2.65232e-08
316230 81880 1.96225e-08
398110 103080 1.45199e-08
501190 129775 1.07462e-08
630965 163360 7.95528e-09
794325 205675 5.89037e-09
1e+06 1.15886e+07 4.36275e-09
1.25886e+07 3.2603e+06 3.23169e-09
1.58489e+07 4.104e+06 2.39458e-09
1.99529e+07 5.1662e+06 1.77484e-09
2.51191e+07 6.5039e+06 1.31588e-09
3.1623e+07 8.188e+06 9.75889e-10
3.9811e+07 1.0308e+07 7.23969e-10
5.0119e+07 1.29765e+07 5.3725e-10
