1e-09 2.6e-10 3.86601e-06
1.26e-09 3.2e-10 5.94538e-06
1.58e-09 4.2e-10 9.14196e-06
2e-09 5.1e-10 1.40371e-05
2.51e-09 6.5e-10 2.14951e-05
3.16e-09 8.2e-10 3.27767e-05
3.98e-09 1.03e-09 4.96777e-05
5.01e-09 1.3e-09 7.46773e-05
6.31e-09 1.63e-09 0.000111037
7.94e-09 2.06e-09 0.000162786
1e-08 2.6e-09 0.000234322
1.26e-08 3.2e-09 0.000329613
1.58e-08 4.2e-09 0.000450169
2e-08 5.1e-09 0.000592311
2.51e-08 6.5e-09 0.000743557
3.16e-08 8.2e-09 0.000879864
3.98e-08 1.03e-08 0.000966825
5.01e-08 1.3e-08 0.000968674
6.31e-08 1.63e-08 0.000866029
7.94e-08 2.06e-08 0.000675001
1e-07 2.6e-08 0.000450644
1.26e-07 3.2e-08 0.000261608
1.58e-07 4.2e-08 0.000148392
2e-07 5.1e-08 0.000104507
2.51e-07 6.5e-08 9.77731e-05
3.16e-07 8.2e-08 0.000102479
3.98e-07 1.03e-07 0.000108558
5.01e-07 1.3e-07 0.000113987
6.31e-07 1.63e-07 0.000118616
7.94e-07 2.06e-07 0.000122515
1e-06 2.6e-07 0.000125775
1.26e-06 3.2e-07 0.000128496
1.58e-06 4.2e-07 0.000130765
2e-06 5.1e-07 0.000132665
2.51e-06 6.5e-07 0.000134266
3.16e-06 8.2e-07 0.000135627
3.98e-06 1.03e-06 0.000136795
5.01e-06 1.3e-06 0.00013781
6.31e-06 1.63e-06 0.000138702
7.94e-06 2.06e-06 0.000139497
1e-05 2.6e-06 0.000140215
1.26e-05 3.2e-06 0.000140872
1.58e-05 4.2e-06 0.00014148
2e-05 5.1e-06 0.00014205
2.51e-05 6.5e-06 0.00014259
3.16e-05 8.2e-06 0.000143107
3.98e-05 1.03e-05 0.000143609
5.01e-05 1.3e-05 0.000144099
6.31e-05 1.63e-05 0.000144584
7.94e-05 2.06e-05 0.000145068
0.0001 2.5897e-05 0.000145558
0.000125897 3.2591e-05 0.000146057
0.000158488 4.1041e-05 0.000146572
0.000199529 5.1662e-05 0.000147109
0.000251191 6.5038e-05 0.000147675
0.000316229 8.1881e-05 0.000148279
0.00039811 0.00010308 0.000148929
0.00050119 0.000129765 0.000149636
0.000630955 0.00016338 0.000150413
0.000794335 0.000205665 0.000151274
0.001 0.00025896 0.000152236
0.00125896 0.00032592 0.000153317
0.00158488 0.00041041 0.000154542
0.00199529 0.00051662 0.000155936
0.00251191 0.00065039 0.000157531
0.0031623 0.0008188 0.000159363
0.0039811 0.0010308 0.000161477
0.0050119 0.00129765 0.000163923
0.00630955 0.0016338 0.000166763
0.00794335 0.00205665 0.000170066
0.01 0.0025886 0.000173918
0.0125886 0.0032603 0.000178421
0.0158489 0.004104 0.000183693
0.0199529 0.0051663 0.000189876
0.0251192 0.0065037 0.000197138
0.0316229 0.0081881 0.000205679
0.039811 0.010308 0.000215737
0.050119 0.0129765 0.000227591
0.0630955 0.016337 0.000241568
0.0794325 0.0205675 0.000258047
0.1 0.025886 0.000277449
0.125886 0.032602 0.000300262
0.158488 0.041041 0.000326971
0.199529 0.051662 0.000358056
0.251191 0.065038 0.000393913
0.316229 0.081881 0.000434745
0.39811 0.10308 0.000480388
0.50119 0.129775 0.000530095
0.630965 0.16336 0.000582247
0.794325 0.205675 0.000634099
1 0.25886 0.000681523
1.25886 0.32603 0.000719136
1.58489 0.4104 0.000740663
1.99529 0.51662 0.000740178
2.51191 0.65039 0.000713899
3.1623 0.8188 0.00066236
3.9811 1.0308 0.000591998
5.0119 1.29765 0.000514752
6.30955 1.6338 0.000444722
7.94335 2.05665 0.000392792
10 2.5897 0.000362325
12.5897 3.2592 0.000349744
15.8489 4.1039 0.000349957
19.9528 5.1663 0.000362297
25.1191 6.5038 0.000392226
31.6229 8.1881 0.000448304
39.811 10.308 0.000536306
50.119 12.9765 0.000652593
63.0955 16.338 0.000779935
79.4335 20.5665 0.000889572
100 25.887 0.000950887
125.887 32.601 0.000943895
158.488 41.04 0.000866914
199.528 51.663 0.000735087
251.191 65.038 0.000573024
316.229 81.881 0.000408651
398.11 103.08 0.000267665
501.19 129.775 0.000164866
630.965 163.37 9.96804e-05
794.335 205.665 6.19657e-05
1000 258.86 4.07141e-05
1258.86 326.03 2.82478e-05
1584.89 410.39 2.03398e-05
1995.28 516.64 1.49275e-05
2511.92 650.38 1.10392e-05
3162.3 818.8 8.1812e-06
3981.1 1030.8 6.06355e-06
5011.9 1297.75 4.49165e-06
6309.65 1633.7 3.32536e-06
7943.35 2056.65 2.46068e-06
10000 2588.7 1.82027e-06
12588.7 3260.1 1.34594e-06
15848.8 4104 9.95044e-07
19952.8 5166.4 7.35542e-07
25119.2 6503.7 5.43671e-07
31622.9 8188.1 4.0183e-07
39811 10308 2.96994e-07
50119 12977.5 2.19513e-07
63096.5 16336 1.62259e-07
79432.5 20567.5 1.19945e-07
100000 25886 8.86797e-08
125886 32602 6.55633e-08
158488 41040 4.8481e-08
199528 51664 3.58556e-08
251192 65038 2.65225e-08
316230 81880 1.9622e-08
398110 103080 1.45197e-08
501190 129775 1.07461e-08
630965 163360 7.95518e-09
794325 205675 5.89031e-09
1e+06 1.15886e+07 4.36272e-09
1.25886e+07 3.2603e+06 3.23167e-09
1.58489e+07 4.104e+06 2.39457e-09
1.99529e+07 5.1662e+06 1.77484e-09
2.51191e+07 6.5039e+06 1.31588e-09
3.1623e+07 8.188e+06 9.75886e-10
3.9811e+07 1.0308e+07 7.23967e-10
5.0119e+07 1.29765e+07 5.37248e-10
