1e-09 2.6e-10 3.33519e-06
1.26e-09 3.2e-10 5.13275e-06
1.58e-09 4.2e-10 7.89732e-06
2e-09 5.1e-10 1.21325e-05
2.51e-09 6.5e-10 1.85869e-05
3.16e-09 8.2e-10 2.8353e-05
3.98e-09 1.03e-09 4.29868e-05
5.01e-09 1.3e-09 6.46365e-05
6.31e-09 1.63e-09 9.61282e-05
7.94e-09 2.06e-09 0.000140954
1e-08 2.6e-09 0.000202924
1.26e-08 3.2e-09 0.000285476
1.58e-08 4.2e-09 0.000389915
2e-08 5.1e-09 0.000513047
2.51e-08 6.5e-09 0.000644045
3.16e-08 8.2e-09 0.000762056
3.98e-08 1.03e-08 0.000837244
5.01e-08 1.3e-08 0.000838593
6.31e-08 1.63e-08 0.000749299
7.94e-08 2.06e-08 0.00058334
1e-07 2.6e-08 0.000388461
1.26e-07 3.2e-08 0.000224202
1.58e-07 4.2e-08 0.000125691
2e-07 5.1e-08 8.73145e-05
2.51e-07 6.5e-08 8.11757e-05
3.16e-07 8.2e-08 8.49864e-05
3.98e-07 1.03e-07 9.00192e-05
5.01e-07 1.3e-07 9.4522e-05
6.31e-07 1.63e-07 9.83611e-05
7.94e-07 2.06e-07 0.000101595
1e-06 2.6e-07 0.000104299
1.26e-06 3.2e-07 0.000106556
1.58e-06 4.2e-07 0.000108438
2e-06 5.1e-07 0.000110015
2.51e-06 6.5e-07 0.000111343
3.16e-06 8.2e-07 0.000112472
3.98e-06 1.03e-06 0.000113442
5.01e-06 1.3e-06 0.000114284
6.31e-06 1.63e-06 0.000115025
7.94e-06 2.06e-06 0.000115685
1e-05 2.6e-06 0.000116281
1.26e-05 3.2e-06 0.000116827
1.58e-05 4.2e-06 0.000117332
2e-05 5.1e-06 0.000117806
2.51e-05 6.5e-06 0.000118254
3.16e-05 8.2e-06 0.000118685
3.98e-05 1.03e-05 0.000119101
5.01e-05 1.3e-05 0.000119509
6.31e-05 1.63e-05 0.000119912
7.94e-05 2.06e-05 0.000120315
0.0001 2.5897e-05 0.000120722
0.000125897 3.2591e-05 0.000121138
0.000158488 4.1041e-05 0.000121566
0.000199529 5.1662e-05 0.000122013
0.000251191 6.5038e-05 0.000122485
0.000316229 8.1881e-05 0.000122987
0.00039811 0.00010308 0.000123529
0.00050119 0.000129765 0.000124118
0.000630955 0.00016338 0.000124765
0.000794335 0.000205665 0.000125481
0.001 0.00025896 0.000126282
0.00125896 0.00032592 0.000127182
0.00158488 0.00041041 0.000128201
0.00199529 0.00051662 0.000129362
0.00251191 0.00065039 0.000130689
0.0031623 0.0008188 0.000132215
0.0039811 0.0010308 0.000133974
0.0050119 0.00129765 0.00013601
0.00630955 0.0016338 0.000138373
0.00794335 0.00205665 0.000141123
0.01 0.0025886 0.000144329
0.0125886 0.0032603 0.000148077
0.0158489 0.004104 0.000152466
0.0199529 0.0051663 0.000157614
0.0251192 0.0065037 0.000163662
0.0316229 0.0081881 0.000170779
0.039811 0.010308 0.000179165
0.050119 0.0129765 0.000189056
0.0630955 0.016337 0.000200731
0.0794325 0.0205675 0.000214514
0.1 0.025886 0.000230773
0.125886 0.032602 0.000249935
0.158488 0.041041 0.000272435
0.199529 0.051662 0.000298721
0.251191 0.065038 0.000329185
0.316229 0.081881 0.000364077
0.39811 0.10308 0.000403362
0.50119 0.129775 0.000446526
0.630965 0.16336 0.000492321
0.794325 0.205675 0.000538516
1 0.25886 0.000581639
1.25886 0.32603 0.000617039
1.58489 0.4104 0.000639139
1.99529 0.51662 0.000642495
2.51191 0.65039 0.000623384
3.1623 0.8188 0.000581796
3.9811 1.0308 0.000522976
5.0119 1.29765 0.000457241
6.30955 1.6338 0.000397104
7.94335 2.05665 0.000352465
10 2.5897 0.000326614
12.5897 3.2592 0.000316584
15.8489 4.1039 0.000317947
19.9528 5.1663 0.000330193
25.1191 6.5038 0.00035836
31.6229 8.1881 0.00041036
39.811 10.308 0.000491656
50.119 12.9765 0.000599208
63.0955 16.338 0.000717535
79.4335 20.5665 0.000820375
100 25.887 0.000879289
125.887 32.601 0.000875076
158.488 41.04 0.000805302
199.528 51.663 0.000683839
251.191 65.038 0.000534352
316.229 81.881 0.000383277
398.11 103.08 0.000253594
501.19 129.775 0.000158146
630.965 163.37 9.67116e-05
794.335 205.665 6.06108e-05
1000 258.86 3.99889e-05
1258.86 326.03 2.77609e-05
1584.89 410.39 1.99513e-05
1995.28 516.64 1.45936e-05
2511.92 650.38 1.07483e-05
3162.3 818.8 7.93054e-06
3981.1 1030.8 5.85103e-06
5011.9 1297.75 4.31425e-06
6309.65 1633.7 3.17925e-06
7943.35 2056.65 2.34167e-06
10000 2588.7 1.72422e-06
12588.7 3260.1 1.26903e-06
15848.8 4104 9.33854e-07
19952.8 5166.4 6.87128e-07
25119.2 6503.7 5.05549e-07
31622.9 8188.1 3.71937e-07
39811 10308 2.73639e-07
50119 12977.5 2.01325e-07
63096.5 16336 1.48135e-07
79432.5 20567.5 1.09005e-07
100000 25886 8.02256e-08
125886 32602 5.90442e-08
158488 41040 4.34633e-08
199528 51664 3.20001e-08
251192 65038 2.35646e-08
316230 81880 1.7356e-08
398110 103080 1.27859e-08
501190 129775 9.42116e-09
630965 163360 6.94377e-09
794325 205675 5.11901e-09
1e+06 1.15886e+07 3.77503e-09
1.25886e+07 3.2603e+06 2.78432e-09
1.58489e+07 4.104e+06 2.05429e-09
1.99529e+07 5.1662e+06 1.51618e-09
2.51191e+07 6.5039e+06 1.11939e-09
3.1623e+07 8.188e+06 8.26719e-10
3.9811e+07 1.0308e+07 6.10784e-10
5.0119e+07 1.29765e+07 4.51411e-10
