1e-09 2.6e-10 3.9494e-06
1.26e-09 3.2e-10 6.0644e-06
1.58e-09 4.2e-10 9.31273e-06
2e-09 5.1e-10 1.42833e-05
2.51e-09 6.5e-10 2.1851e-05
3.16e-09 8.2e-10 3.32924e-05
3.98e-09 1.03e-09 5.04251e-05
5.01e-09 1.3e-09 7.57578e-05
6.31e-09 1.63e-09 0.000112591
7.94e-09 2.06e-09 0.000165002
1e-08 2.6e-09 0.000237444
1.26e-08 3.2e-09 0.000333931
1.58e-08 4.2e-09 0.000456001
2e-08 5.1e-09 0.000599946
2.51e-08 6.5e-09 0.000753163
3.16e-08 8.2e-09 0.000891364
3.98e-08 1.03e-08 0.000979789
5.01e-08 1.3e-08 0.000982293
6.31e-08 1.63e-08 0.000879286
7.94e-08 2.06e-08 0.000687037
1e-07 2.6e-08 0.000461155
1.26e-07 3.2e-08 0.000270986
1.58e-07 4.2e-08 0.000157425
2e-07 5.1e-08 0.00011389
2.51e-07 6.5e-08 0.000107837
3.16e-07 8.2e-08 0.000113272
3.98e-07 1.03e-07 0.000120012
5.01e-07 1.3e-07 0.000126017
6.31e-07 1.63e-07 0.000131135
7.94e-07 2.06e-07 0.000135446
1e-06 2.6e-07 0.000139051
1.26e-06 3.2e-07 0.00014206
1.58e-06 4.2e-07 0.00014457
2e-06 5.1e-07 0.000146672
2.51e-06 6.5e-07 0.000148443
3.16e-06 8.2e-07 0.000149948
3.98e-06 1.03e-06 0.00015124
5.01e-06 1.3e-06 0.000152363
6.31e-06 1.63e-06 0.00015335
7.94e-06 2.06e-06 0.00015423
1e-05 2.6e-06 0.000155025
1.26e-05 3.2e-06 0.000155752
1.58e-05 4.2e-06 0.000156425
2e-05 5.1e-06 0.000157056
2.51e-05 6.5e-06 0.000157653
3.16e-05 8.2e-06 0.000158226
3.98e-05 1.03e-05 0.000158781
5.01e-05 1.3e-05 0.000159324
6.31e-05 1.63e-05 0.00015986
7.94e-05 2.06e-05 0.000160396
0.0001 2.5897e-05 0.000160937
0.000125897 3.2591e-05 0.000161488
0.000158488 4.1041e-05 0.000162057
0.000199529 5.1662e-05 0.00016265
0.000251191 6.5038e-05 0.000163275
0.000316229 8.1881e-05 0.00016394
0.00039811 0.00010308 0.000164656
0.00050119 0.000129765 0.000165435
0.000630955 0.00016338 0.00016629
0.000794335 0.000205665 0.000167236
0.001 0.00025896 0.000168292
0.00125896 0.00032592 0.000169478
0.00158488 0.00041041 0.00017082
0.00199529 0.00051662 0.000172347
0.00251191 0.00065039 0.000174092
0.0031623 0.0008188 0.000176096
0.0039811 0.0010308 0.000178405
0.0050119 0.00129765 0.000181074
0.00630955 0.0016338 0.000184169
0.00794335 0.00205665 0.000187766
0.01 0.0025886 0.000191955
0.0125886 0.0032603 0.000196845
0.0158489 0.004104 0.000202561
0.0199529 0.0051663 0.000209252
0.0251192 0.0065037 0.000217096
0.0316229 0.0081881 0.0002263
0.039811 0.010308 0.00023711
0.050119 0.0129765 0.000249808
0.0630955 0.016337 0.000264725
0.0794325 0.0205675 0.000282234
0.1 0.025886 0.000302741
0.125886 0.032602 0.000326705
0.158488 0.041041 0.000354558
0.199529 0.051662 0.000386697
0.251191 0.065038 0.000423399
0.316229 0.081881 0.000464702
0.39811 0.10308 0.000510233
0.50119 0.129775 0.000559005
0.630965 0.16336 0.000609154
0.794325 0.205675 0.00065773
1 0.25886 0.000700523
1.25886 0.32603 0.000732257
1.58489 0.4104 0.000747028
1.99529 0.51662 0.000739543
2.51191 0.65039 0.000706825
3.1623 0.8188 0.00065018
3.9811 1.0308 0.000576509
5.0119 1.29765 0.000497696
6.30955 1.6338 0.000427272
7.94335 2.05665 0.000375323
10 2.5897 0.000344604
12.5897 3.2592 0.000331331
15.8489 4.1039 0.000330424
19.9528 5.1663 0.000341075
25.1191 6.5038 0.000368253
31.6229 8.1881 0.000419826
39.811 10.308 0.000501117
50.119 12.9765 0.000608811
63.0955 16.338 0.000727099
79.4335 20.5665 0.00082946
100 25.887 0.000887371
125.887 32.601 0.000881747
158.488 41.04 0.00081039
199.528 51.663 0.000687419
251.191 65.038 0.000536668
316.229 81.881 0.000384653
398.11 103.08 0.000254348
501.19 129.775 0.000158534
630.965 163.37 9.69081e-05
794.335 205.665 6.07127e-05
1000 258.86 4.00445e-05
1258.86 326.03 2.77928e-05
1584.89 410.39 1.99702e-05
1995.28 516.64 1.4605e-05
2511.92 650.38 1.07553e-05
3162.3 818.8 7.93479e-06
3981.1 1030.8 5.85362e-06
5011.9 1297.75 4.31584e-06
6309.65 1633.7 3.18021e-06
7943.35 2056.65 2.34226e-06
10000 2588.7 1.72458e-06
12588.7 3260.1 1.26925e-06
15848.8 4104 9.33986e-07
19952.8 5166.4 6.87209e-07
25119.2 6503.7 5.05598e-07
31622.9 8188.1 3.71967e-07
39811 10308 2.73657e-07
50119 12977.5 2.01336e-07
63096.5 16336 1.48142e-07
79432.5 20567.5 1.09009e-07
100000 25886 8.02281e-08
125886 32602 5.90457e-08
158488 41040 4.34643e-08
199528 51664 3.20007e-08
251192 65038 2.35649e-08
316230 81880 1.73562e-08
398110 103080 1.2786e-08
501190 129775 9.42124e-09
630965 163360 6.94382e-09
794325 205675 5.11903e-09
1e+06 1.15886e+07 3.77504e-09
1.25886e+07 3.2603e+06 2.78433e-09
1.58489e+07 4.104e+06 2.0543e-09
1.99529e+07 5.1662e+06 1.51618e-09
2.51191e+07 6.5039e+06 1.1194e-09
3.1623e+07 8.188e+06 8.2672e-10
3.9811e+07 1.0308e+07 6.10784e-10
5.0119e+07 1.29765e+07 4.51412e-10
