1e-09 2.6e-10 3.65621e-06
1.26e-09 3.2e-10 5.62212e-06
1.58e-09 4.2e-10 8.64408e-06
2e-09 5.1e-10 1.32716e-05
2.51e-09 6.5e-10 2.03214e-05
3.16e-09 8.2e-10 3.09852e-05
3.98e-09 1.03e-09 4.69601e-05
5.01e-09 1.3e-09 7.05892e-05
6.31e-09 1.63e-09 0.000104955
7.94e-09 2.06e-09 0.000153865
1e-08 2.6e-09 0.000221477
1.26e-08 3.2e-09 0.000311538
1.58e-08 4.2e-09 0.000425479
2e-08 5.1e-09 0.000559823
2.51e-08 6.5e-09 0.000702775
3.16e-08 8.2e-09 0.000831615
3.98e-08 1.03e-08 0.00091383
5.01e-08 1.3e-08 0.000915621
6.31e-08 1.63e-08 0.000818671
7.94e-08 2.06e-08 0.000638206
1e-07 2.6e-08 0.000426249
1.26e-07 3.2e-08 0.000247671
1.58e-07 4.2e-08 0.00014074
2e-07 5.1e-08 9.93259e-05
2.51e-07 6.5e-08 9.30143e-05
3.16e-07 8.2e-08 9.75088e-05
3.98e-07 1.03e-07 0.000103295
5.01e-07 1.3e-07 0.000108462
6.31e-07 1.63e-07 0.000112867
7.94e-07 2.06e-07 0.000116578
1e-06 2.6e-07 0.000119681
1.26e-06 3.2e-07 0.00012227
1.58e-06 4.2e-07 0.00012443
2e-06 5.1e-07 0.000126239
2.51e-06 6.5e-07 0.000127764
3.16e-06 8.2e-07 0.000129059
3.98e-06 1.03e-06 0.000130172
5.01e-06 1.3e-06 0.000131138
6.31e-06 1.63e-06 0.000131988
7.94e-06 2.06e-06 0.000132746
1e-05 2.6e-06 0.00013343
1.26e-05 3.2e-06 0.000134056
1.58e-05 4.2e-06 0.000134635
2e-05 5.1e-06 0.000135178
2.51e-05 6.5e-06 0.000135693
3.16e-05 8.2e-06 0.000136187
3.98e-05 1.03e-05 0.000136665
5.01e-05 1.3e-05 0.000137132
6.31e-05 1.63e-05 0.000137595
7.94e-05 2.06e-05 0.000138057
0.0001 2.5897e-05 0.000138524
0.000125897 3.2591e-05 0.000139
0.000158488 4.1041e-05 0.000139491
0.000199529 5.1662e-05 0.000140003
0.000251191 6.5038e-05 0.000140543
0.000316229 8.1881e-05 0.000141119
0.00039811 0.00010308 0.000141738
0.00050119 0.000129765 0.000142413
0.000630955 0.00016338 0.000143153
0.000794335 0.000205665 0.000143974
0.001 0.00025896 0.00014489
0.00125896 0.00032592 0.00014592
0.00158488 0.00041041 0.000147086
0.00199529 0.00051662 0.000148413
0.00251191 0.00065039 0.000149932
0.0031623 0.0008188 0.000151676
0.0039811 0.0010308 0.000153687
0.0050119 0.00129765 0.000156015
0.00630955 0.0016338 0.000158715
0.00794335 0.00205665 0.000161856
0.01 0.0025886 0.000165518
0.0125886 0.0032603 0.000169798
0.0158489 0.004104 0.000174806
0.0199529 0.0051663 0.000180678
0.0251192 0.0065037 0.000187572
0.0316229 0.0081881 0.000195678
0.039811 0.010308 0.000205217
0.050119 0.0129765 0.000216454
0.0630955 0.016337 0.000229695
0.0794325 0.0205675 0.000245293
0.1 0.025886 0.000263642
0.125886 0.032602 0.000285194
0.158488 0.041041 0.000310393
0.199529 0.051662 0.000339677
0.251191 0.065038 0.000373396
0.316229 0.081881 0.000411713
0.39811 0.10308 0.000454437
0.50119 0.129775 0.000500828
0.630965 0.16336 0.000549324
0.794325 0.205675 0.000597318
1 0.25886 0.000640926
1.25886 0.32603 0.000675127
1.58489 0.4104 0.000694111
1.99529 0.51662 0.000692446
2.51191 0.65039 0.000666741
3.1623 0.8188 0.000617642
3.9811 1.0308 0.000551262
5.0119 1.29765 0.000478771
6.30955 1.6338 0.000413262
7.94335 2.05665 0.000364776
10 2.5897 0.000336351
12.5897 3.2592 0.000324599
15.8489 4.1039 0.000324753
19.9528 5.1663 0.000336147
25.1191 6.5038 0.000363787
31.6229 8.1881 0.000415564
39.811 10.308 0.000496867
50.119 12.9765 0.000604505
63.0955 16.338 0.000722817
79.4335 20.5665 0.000825398
100 25.887 0.000883762
125.887 32.601 0.000878771
158.488 41.04 0.000808122
199.528 51.663 0.000685824
251.191 65.038 0.000535637
316.229 81.881 0.00038404
398.11 103.08 0.000254013
501.19 129.775 0.000158362
630.965 163.37 9.68208e-05
794.335 205.665 6.06674e-05
1000 258.86 4.00198e-05
1258.86 326.03 2.77787e-05
1584.89 410.39 1.99618e-05
1995.28 516.64 1.45999e-05
2511.92 650.38 1.07522e-05
3162.3 818.8 7.9329e-06
3981.1 1030.8 5.85247e-06
5011.9 1297.75 4.31513e-06
6309.65 1633.7 3.17978e-06
7943.35 2056.65 2.342e-06
10000 2588.7 1.72442e-06
12588.7 3260.1 1.26915e-06
15848.8 4104 9.33928e-07
19952.8 5166.4 6.87173e-07
25119.2 6503.7 5.05576e-07
31622.9 8188.1 3.71954e-07
39811 10308 2.73649e-07
50119 12977.5 2.01331e-07
63096.5 16336 1.48139e-07
79432.5 20567.5 1.09007e-07
100000 25886 8.0227e-08
125886 32602 5.90451e-08
158488 41040 4.34639e-08
199528 51664 3.20004e-08
251192 65038 2.35648e-08
316230 81880 1.73561e-08
398110 103080 1.2786e-08
501190 129775 9.42121e-09
630965 163360 6.9438e-09
794325 205675 5.11902e-09
1e+06 1.15886e+07 3.77504e-09
1.25886e+07 3.2603e+06 2.78432e-09
1.58489e+07 4.104e+06 2.05429e-09
1.99529e+07 5.1662e+06 1.51618e-09
2.51191e+07 6.5039e+06 1.11939e-09
3.1623e+07 8.188e+06 8.26719e-10
3.9811e+07 1.0308e+07 6.10784e-10
5.0119e+07 1.29765e+07 4.51412e-10
