1e-09 2.6e-10 3.52071e-06
1.26e-09 3.2e-10 5.41606e-06
1.58e-09 4.2e-10 8.33032e-06
2e-09 5.1e-10 1.27939e-05
2.51e-09 6.5e-10 1.95952e-05
3.16e-09 8.2e-10 2.98846e-05
3.98e-09 1.03e-09 4.53007e-05
5.01e-09 1.3e-09 6.81056e-05
6.31e-09 1.63e-09 0.000101275
7.94e-09 2.06e-09 0.000148486
1e-08 2.6e-09 0.000213751
1.26e-08 3.2e-09 0.00030069
1.58e-08 4.2e-09 0.000410679
2e-08 5.1e-09 0.00054036
2.51e-08 6.5e-09 0.000678337
3.16e-08 8.2e-09 0.000802663
3.98e-08 1.03e-08 0.000881935
5.01e-08 1.3e-08 0.000883505
6.31e-08 1.63e-08 0.000789686
7.94e-08 2.06e-08 0.000615185
1e-07 2.6e-08 0.000410256
1.26e-07 3.2e-08 0.000237561
1.58e-07 4.2e-08 0.00013407
2e-07 5.1e-08 9.38675e-05
2.51e-07 6.5e-08 8.75838e-05
3.16e-07 8.2e-08 9.17555e-05
3.98e-07 1.03e-07 9.71945e-05
5.01e-07 1.3e-07 0.000102056
6.31e-07 1.63e-07 0.000106202
7.94e-07 2.06e-07 0.000109693
1e-06 2.6e-07 0.000112613
1.26e-06 3.2e-07 0.000115049
1.58e-06 4.2e-07 0.000117082
2e-06 5.1e-07 0.000118784
2.51e-06 6.5e-07 0.000120218
3.16e-06 8.2e-07 0.000121437
3.98e-06 1.03e-06 0.000122484
5.01e-06 1.3e-06 0.000123393
6.31e-06 1.63e-06 0.000124193
7.94e-06 2.06e-06 0.000124906
1e-05 2.6e-06 0.00012555
1.26e-05 3.2e-06 0.000126139
1.58e-05 4.2e-06 0.000126684
2e-05 5.1e-06 0.000127196
2.51e-05 6.5e-06 0.00012768
3.16e-05 8.2e-06 0.000128145
3.98e-05 1.03e-05 0.000128594
5.01e-05 1.3e-05 0.000129035
6.31e-05 1.63e-05 0.00012947
7.94e-05 2.06e-05 0.000129905
0.0001 2.5897e-05 0.000130344
0.000125897 3.2591e-05 0.000130793
0.000158488 4.1041e-05 0.000131255
0.000199529 5.1662e-05 0.000131737
0.000251191 6.5038e-05 0.000132246
0.000316229 8.1881e-05 0.000132788
0.00039811 0.00010308 0.000133372
0.00050119 0.000129765 0.000134008
0.000630955 0.00016338 0.000134706
0.000794335 0.000205665 0.000135479
0.001 0.00025896 0.000136343
0.00125896 0.00032592 0.000137314
0.00158488 0.00041041 0.000138413
0.00199529 0.00051662 0.000139665
0.00251191 0.00065039 0.000141096
0.0031623 0.0008188 0.000142742
0.0039811 0.0010308 0.000144639
0.0050119 0.00129765 0.000146835
0.00630955 0.0016338 0.000149383
0.00794335 0.00205665 0.000152348
0.01 0.0025886 0.000155804
0.0125886 0.0032603 0.000159845
0.0158489 0.004104 0.000164576
0.0199529 0.0051663 0.000170124
0.0251192 0.0065037 0.00017664
0.0316229 0.0081881 0.000184305
0.039811 0.010308 0.000193332
0.050119 0.0129765 0.000203972
0.0630955 0.016337 0.000216522
0.0794325 0.0205675 0.000231323
0.1 0.025886 0.000248757
0.125886 0.032602 0.00026927
0.158488 0.041041 0.000293303
0.199529 0.051662 0.000321302
0.251191 0.065038 0.000353641
0.316229 0.081881 0.000390523
0.39811 0.10308 0.000431829
0.50119 0.129775 0.000476921
0.630965 0.16336 0.000524372
0.794325 0.205675 0.000571735
1 0.25886 0.000615294
1.25886 0.32603 0.000650174
1.58489 0.4104 0.000670646
1.99529 0.51662 0.000671257
2.51191 0.65039 0.000648459
3.1623 0.8188 0.000602612
3.9811 1.0308 0.000539464
5.0119 1.29765 0.000469834
6.30955 1.6338 0.000406584
7.94335 2.05665 0.000359707
10 2.5897 0.000332356
12.5897 3.2592 0.00032132
15.8489 4.1039 0.000321976
19.9528 5.1663 0.000333723
25.1191 6.5038 0.000361581
31.6229 8.1881 0.000413452
39.811 10.308 0.000494755
50.119 12.9765 0.000602361
63.0955 16.338 0.000720682
79.4335 20.5665 0.000823369
100 25.887 0.000881956
125.887 32.601 0.00087728
158.488 41.04 0.000806984
199.528 51.663 0.000685024
251.191 65.038 0.000535119
316.229 81.881 0.000383733
398.11 103.08 0.000253844
501.19 129.775 0.000158275
630.965 163.37 9.67768e-05
794.335 205.665 6.06446e-05
1000 258.86 4.00074e-05
1258.86 326.03 2.77715e-05
1584.89 410.39 1.99576e-05
1995.28 516.64 1.45974e-05
2511.92 650.38 1.07506e-05
3162.3 818.8 7.93195e-06
3981.1 1030.8 5.85189e-06
5011.9 1297.75 4.31478e-06
6309.65 1633.7 3.17957e-06
7943.35 2056.65 2.34186e-06
10000 2588.7 1.72434e-06
12588.7 3260.1 1.2691e-06
15848.8 4104 9.33898e-07
19952.8 5166.4 6.87155e-07
25119.2 6503.7 5.05565e-07
31622.9 8188.1 3.71947e-07
39811 10308 2.73645e-07
50119 12977.5 2.01328e-07
63096.5 16336 1.48137e-07
79432.5 20567.5 1.09006e-07
100000 25886 8.02264e-08
125886 32602 5.90447e-08
158488 41040 4.34636e-08
199528 51664 3.20003e-08
251192 65038 2.35647e-08
316230 81880 1.73561e-08
398110 103080 1.27859e-08
501190 129775 9.42119e-09
630965 163360 6.94379e-09
794325 205675 5.11902e-09
1e+06 1.15886e+07 3.77503e-09
1.25886e+07 3.2603e+06 2.78432e-09
1.58489e+07 4.104e+06 2.05429e-09
1.99529e+07 5.1662e+06 1.51618e-09
2.51191e+07 6.5039e+06 1.11939e-09
3.1623e+07 8.188e+06 8.26719e-10
3.9811e+07 1.0308e+07 6.10784e-10
5.0119e+07 1.29765e+07 4.51412e-10
