1e-09 2.6e-10 3.24152e-06
1.26e-09 3.2e-10 4.98928e-06
1.58e-09 4.2e-10 7.67748e-06
2e-09 5.1e-10 1.17959e-05
2.51e-09 6.5e-10 1.80729e-05
3.16e-09 8.2e-10 2.75709e-05
3.98e-09 1.03e-09 4.18036e-05
5.01e-09 1.3e-09 6.28605e-05
6.31e-09 1.63e-09 9.34906e-05
7.94e-09 2.06e-09 0.000137091
1e-08 2.6e-09 0.000197368
1.26e-08 3.2e-09 0.000277665
1.58e-08 4.2e-09 0.000379251
2e-08 5.1e-09 0.000499019
2.51e-08 6.5e-09 0.000626433
3.16e-08 8.2e-09 0.000741207
3.98e-08 1.03e-08 0.000814314
5.01e-08 1.3e-08 0.000815579
6.31e-08 1.63e-08 0.000728657
7.94e-08 2.06e-08 0.000567144
1e-07 2.6e-08 0.000377493
1.26e-07 3.2e-08 0.000217629
1.58e-07 4.2e-08 0.00012173
2e-07 5.1e-08 8.43352e-05
2.51e-07 6.5e-08 7.83077e-05
3.16e-07 8.2e-08 8.19651e-05
3.98e-07 1.03e-07 8.68173e-05
5.01e-07 1.3e-07 9.11599e-05
6.31e-07 1.63e-07 9.48624e-05
7.94e-07 2.06e-07 9.7981e-05
1e-06 2.6e-07 0.000100589
1.26e-06 3.2e-07 0.000102765
1.58e-06 4.2e-07 0.000104581
2e-06 5.1e-07 0.000106102
2.51e-06 6.5e-07 0.000107383
3.16e-06 8.2e-07 0.000108472
3.98e-06 1.03e-06 0.000109407
5.01e-06 1.3e-06 0.000110219
6.31e-06 1.63e-06 0.000110933
7.94e-06 2.06e-06 0.00011157
1e-05 2.6e-06 0.000112145
1.26e-05 3.2e-06 0.000112671
1.58e-05 4.2e-06 0.000113159
2e-05 5.1e-06 0.000113615
2.51e-05 6.5e-06 0.000114048
3.16e-05 8.2e-06 0.000114463
3.98e-05 1.03e-05 0.000114865
5.01e-05 1.3e-05 0.000115258
6.31e-05 1.63e-05 0.000115647
7.94e-05 2.06e-05 0.000116036
0.0001 2.5897e-05 0.000116429
0.000125897 3.2591e-05 0.000116829
0.000158488 4.1041e-05 0.000117242
0.000199529 5.1662e-05 0.000117674
0.000251191 6.5038e-05 0.000118128
0.000316229 8.1881e-05 0.000118613
0.00039811 0.00010308 0.000119135
0.00050119 0.000129765 0.000119703
0.000630955 0.00016338 0.000120327
0.000794335 0.000205665 0.000121018
0.001 0.00025896 0.00012179
0.00125896 0.00032592 0.000122658
0.00158488 0.00041041 0.000123641
0.00199529 0.00051662 0.00012476
0.00251191 0.00065039 0.00012604
0.0031623 0.0008188 0.000127511
0.0039811 0.0010308 0.000129207
0.0050119 0.00129765 0.00013117
0.00630955 0.0016338 0.000133449
0.00794335 0.00205665 0.000136099
0.01 0.0025886 0.00013919
0.0125886 0.0032603 0.000142803
0.0158489 0.004104 0.000147034
0.0199529 0.0051663 0.000151997
0.0251192 0.0065037 0.000157827
0.0316229 0.0081881 0.000164689
0.039811 0.010308 0.000172775
0.050119 0.0129765 0.000182313
0.0630955 0.016337 0.000193575
0.0794325 0.0205675 0.000206875
0.1 0.025886 0.00022257
0.125886 0.032602 0.000241081
0.158488 0.041041 0.000262835
0.199529 0.051662 0.000288277
0.251191 0.065038 0.000317805
0.316229 0.081881 0.000351689
0.39811 0.10308 0.000389927
0.50119 0.129775 0.000432064
0.630965 0.16336 0.000476936
0.794325 0.205675 0.000522423
1 0.25886 0.000565179
1.25886 0.32603 0.000600674
1.58489 0.4104 0.000623426
1.99529 0.51662 0.000628014
2.51191 0.65039 0.000610643
3.1623 0.8188 0.000571126
3.9811 1.0308 0.000514457
5.0119 1.29765 0.000450686
6.30955 1.6338 0.000392137
7.94335 2.05665 0.000348647
10 2.5897 0.000323572
12.5897 3.2592 0.000314064
15.8489 4.1039 0.000315795
19.9528 5.1663 0.0003283
25.1191 6.5038 0.000356628
31.6229 8.1881 0.000408692
39.811 10.308 0.000489982
50.119 12.9765 0.000597502
63.0955 16.338 0.00071583
79.4335 20.5665 0.00081875
100 25.887 0.00087784
125.887 32.601 0.000873877
158.488 41.04 0.000804386
199.528 51.663 0.000683194
251.191 65.038 0.000533934
316.229 81.881 0.000383029
398.11 103.08 0.000253458
501.19 129.775 0.000158075
630.965 163.37 9.6676e-05
794.335 205.665 6.05923e-05
1000 258.86 3.99788e-05
1258.86 326.03 2.77552e-05
1584.89 410.39 1.99478e-05
1995.28 516.64 1.45915e-05
2511.92 650.38 1.07471e-05
3162.3 818.8 7.92976e-06
3981.1 1030.8 5.85056e-06
5011.9 1297.75 4.31397e-06
6309.65 1633.7 3.17907e-06
7943.35 2056.65 2.34156e-06
10000 2588.7 1.72416e-06
12588.7 3260.1 1.26899e-06
15848.8 4104 9.3383e-07
19952.8 5166.4 6.87114e-07
25119.2 6503.7 5.0554e-07
31622.9 8188.1 3.71932e-07
39811 10308 2.73636e-07
50119 12977.5 2.01323e-07
63096.5 16336 1.48134e-07
79432.5 20567.5 1.09004e-07
100000 25886 8.02251e-08
125886 32602 5.9044e-08
158488 41040 4.34632e-08
199528 51664 3.2e-08
251192 65038 2.35645e-08
316230 81880 1.7356e-08
398110 103080 1.27859e-08
501190 129775 9.42115e-09
630965 163360 6.94376e-09
794325 205675 5.119e-09
1e+06 1.15886e+07 3.77502e-09
1.25886e+07 3.2603e+06 2.78431e-09
1.58489e+07 4.104e+06 2.05429e-09
1.99529e+07 5.1662e+06 1.51618e-09
2.51191e+07 6.5039e+06 1.11939e-09
3.1623e+07 8.188e+06 8.26718e-10
3.9811e+07 1.0308e+07 6.10783e-10
5.0119e+07 1.29765e+07 4.51411e-10
