1e-09 2.6e-10 3.53141e-06
1.26e-09 3.2e-10 5.43237e-06
1.58e-09 4.2e-10 8.35519e-06
2e-09 5.1e-10 1.28318e-05
2.51e-09 6.5e-10 1.96529e-05
3.16e-09 8.2e-10 2.99722e-05
3.98e-09 1.03e-09 4.54329e-05
5.01e-09 1.3e-09 6.83035e-05
6.31e-09 1.63e-09 0.000101568
7.94e-09 2.06e-09 0.000148915
1e-08 2.6e-09 0.000214368
1.26e-08 3.2e-09 0.000301556
1.58e-08 4.2e-09 0.000411861
2e-08 5.1e-09 0.000541914
2.51e-08 6.5e-09 0.000680288
3.16e-08 8.2e-09 0.000804974
3.98e-08 1.03e-08 0.00088448
5.01e-08 1.3e-08 0.000886066
6.31e-08 1.63e-08 0.000791993
7.94e-08 2.06e-08 0.000617012
1e-07 2.6e-08 0.000411517
1.26e-07 3.2e-08 0.000238348
1.58e-07 4.2e-08 0.000134579
2e-07 5.1e-08 9.4276e-05
2.51e-07 6.5e-08 8.79875e-05
3.16e-07 8.2e-08 9.21827e-05
3.98e-07 1.03e-07 9.76474e-05
5.01e-07 1.3e-07 0.000102532
6.31e-07 1.63e-07 0.000106696
7.94e-07 2.06e-07 0.000110204
1e-06 2.6e-07 0.000113137
1.26e-06 3.2e-07 0.000115585
1.58e-06 4.2e-07 0.000117628
2e-06 5.1e-07 0.000119338
2.51e-06 6.5e-07 0.000120779
3.16e-06 8.2e-07 0.000122003
3.98e-06 1.03e-06 0.000123055
5.01e-06 1.3e-06 0.000123968
6.31e-06 1.63e-06 0.000124772
7.94e-06 2.06e-06 0.000125488
1e-05 2.6e-06 0.000126135
1.26e-05 3.2e-06 0.000126727
1.58e-05 4.2e-06 0.000127275
2e-05 5.1e-06 0.000127788
2.51e-05 6.5e-06 0.000128275
3.16e-05 8.2e-06 0.000128742
3.98e-05 1.03e-05 0.000129194
5.01e-05 1.3e-05 0.000129636
6.31e-05 1.63e-05 0.000130073
7.94e-05 2.06e-05 0.00013051
0.0001 2.5897e-05 0.000130952
0.000125897 3.2591e-05 0.000131402
0.000158488 4.1041e-05 0.000131867
0.000199529 5.1662e-05 0.000132351
0.000251191 6.5038e-05 0.000132862
0.000316229 8.1881e-05 0.000133407
0.00039811 0.00010308 0.000133994
0.00050119 0.000129765 0.000134632
0.000630955 0.00016338 0.000135333
0.000794335 0.000205665 0.00013611
0.001 0.00025896 0.000136977
0.00125896 0.00032592 0.000137953
0.00158488 0.00041041 0.000139057
0.00199529 0.00051662 0.000140315
0.00251191 0.00065039 0.000141753
0.0031623 0.0008188 0.000143406
0.0039811 0.0010308 0.000145312
0.0050119 0.00129765 0.000147517
0.00630955 0.0016338 0.000150077
0.00794335 0.00205665 0.000153055
0.01 0.0025886 0.000156527
0.0125886 0.0032603 0.000160586
0.0158489 0.004104 0.000165338
0.0199529 0.0051663 0.00017091
0.0251192 0.0065037 0.000177455
0.0316229 0.0081881 0.000185153
0.039811 0.010308 0.000194219
0.050119 0.0129765 0.000204905
0.0630955 0.016337 0.000217508
0.0794325 0.0205675 0.00023237
0.1 0.025886 0.000249875
0.125886 0.032602 0.000270468
0.158488 0.041041 0.000294592
0.199529 0.051662 0.000322691
0.251191 0.065038 0.000355139
0.316229 0.081881 0.000392135
0.39811 0.10308 0.000433555
0.50119 0.129775 0.000478753
0.630965 0.16336 0.000526293
0.794325 0.205675 0.000573712
1 0.25886 0.000617285
1.25886 0.32603 0.00065212
1.58489 0.4104 0.000672484
1.99529 0.51662 0.000672924
2.51191 0.65039 0.000649903
3.1623 0.8188 0.000603804
3.9811 1.0308 0.000540403
5.0119 1.29765 0.000470547
6.30955 1.6338 0.000407118
7.94335 2.05665 0.000360114
10 2.5897 0.000332677
12.5897 3.2592 0.000321584
15.8489 4.1039 0.0003222
19.9528 5.1663 0.000333918
25.1191 6.5038 0.00036176
31.6229 8.1881 0.000413623
39.811 10.308 0.000494927
50.119 12.9765 0.000602535
63.0955 16.338 0.000720855
79.4335 20.5665 0.000823534
100 25.887 0.000882102
125.887 32.601 0.000877401
158.488 41.04 0.000807077
199.528 51.663 0.000685089
251.191 65.038 0.000535161
316.229 81.881 0.000383758
398.11 103.08 0.000253858
501.19 129.775 0.000158282
630.965 163.37 9.67804e-05
794.335 205.665 6.06465e-05
1000 258.86 4.00084e-05
1258.86 326.03 2.77721e-05
1584.89 410.39 1.99579e-05
1995.28 516.64 1.45976e-05
2511.92 650.38 1.07508e-05
3162.3 818.8 7.93203e-06
3981.1 1030.8 5.85194e-06
5011.9 1297.75 4.31481e-06
6309.65 1633.7 3.17958e-06
7943.35 2056.65 2.34187e-06
10000 2588.7 1.72435e-06
12588.7 3260.1 1.26911e-06
15848.8 4104 9.339e-07
19952.8 5166.4 6.87157e-07
25119.2 6503.7 5.05566e-07
31622.9 8188.1 3.71948e-07
39811 10308 2.73645e-07
50119 12977.5 2.01328e-07
63096.5 16336 1.48137e-07
79432.5 20567.5 1.09007e-07
100000 25886 8.02265e-08
125886 32602 5.90447e-08
158488 41040 4.34637e-08
199528 51664 3.20003e-08
251192 65038 2.35647e-08
316230 81880 1.73561e-08
398110 103080 1.27859e-08
501190 129775 9.42119e-09
630965 163360 6.94379e-09
794325 205675 5.11902e-09
1e+06 1.15886e+07 3.77503e-09
1.25886e+07 3.2603e+06 2.78432e-09
1.58489e+07 4.104e+06 2.05429e-09
1.99529e+07 5.1662e+06 1.51618e-09
2.51191e+07 6.5039e+06 1.11939e-09
3.1623e+07 8.188e+06 8.26719e-10
3.9811e+07 1.0308e+07 6.10784e-10
5.0119e+07 1.29765e+07 4.51412e-10
