1e-09 2.6e-10 4.6137e-06
1.26e-09 3.2e-10 6.85214e-06
1.58e-09 4.2e-10 1.02138e-05
2e-09 5.1e-10 1.52587e-05
2.51e-09 6.5e-10 2.28132e-05
3.16e-09 8.2e-10 3.40746e-05
3.98e-09 1.03e-09 5.07399e-05
5.01e-09 1.3e-09 7.51437e-05
6.31e-09 1.63e-09 0.000110351
7.94e-09 2.06e-09 0.00016015
1e-08 2.6e-09 0.000228691
1.26e-08 3.2e-09 0.000319776
1.58e-08 4.2e-09 0.000435013
2e-08 5.1e-09 0.000571353
2.51e-08 6.5e-09 0.000717803
3.16e-08 8.2e-09 0.000852909
3.98e-08 1.03e-08 0.000945787
5.01e-08 1.3e-08 0.000964198
6.31e-08 1.63e-08 0.000890503
7.94e-08 2.06e-08 0.000738879
1e-07 2.6e-08 0.000558435
1.26e-07 3.2e-08 0.000410386
1.58e-07 4.2e-08 0.000330513
2e-07 5.1e-08 0.000312235
2.51e-07 6.5e-08 0.000325936
3.16e-07 8.2e-08 0.000348031
3.98e-07 1.03e-07 0.000369245
5.01e-07 1.3e-07 0.000387738
6.31e-07 1.63e-07 0.000403485
7.94e-07 2.06e-07 0.000416748
1e-06 2.6e-07 0.00042784
1.26e-06 3.2e-07 0.000437094
1.58e-06 4.2e-07 0.000444815
2e-06 5.1e-07 0.000451278
2.51e-06 6.5e-07 0.000456723
3.16e-06 8.2e-07 0.00046135
3.98e-06 1.03e-06 0.00046532
5.01e-06 1.3e-06 0.000468767
6.31e-06 1.63e-06 0.000471797
7.94e-06 2.06e-06 0.000474495
1e-05 2.6e-06 0.000476927
1.26e-05 3.2e-06 0.000479149
1.58e-05 4.2e-06 0.000481202
2e-05 5.1e-06 0.00048312
2.51e-05 6.5e-06 0.000484932
3.16e-05 8.2e-06 0.000486662
3.98e-05 1.03e-05 0.000488329
5.01e-05 1.3e-05 0.00048995
6.31e-05 1.63e-05 0.000491541
7.94e-05 2.06e-05 0.000493118
0.0001 2.5897e-05 0.000494696
0.000125897 3.2591e-05 0.000496287
0.000158488 4.1041e-05 0.000497909
0.000199529 5.1662e-05 0.000499577
0.000251191 6.5038e-05 0.00050131
0.000316229 8.1881e-05 0.000503128
0.00039811 0.00010308 0.000505053
0.00050119 0.000129765 0.000507109
0.000630955 0.00016338 0.000509326
0.000794335 0.000205665 0.000511734
0.001 0.00025896 0.00051437
0.00125896 0.00032592 0.000517274
0.00158488 0.00041041 0.000520495
0.00199529 0.00051662 0.000524082
0.00251191 0.00065039 0.000528097
0.0031623 0.0008188 0.000532605
0.0039811 0.0010308 0.000537681
0.0050119 0.00129765 0.000543411
0.00630955 0.0016338 0.000549888
0.00794335 0.00205665 0.000557217
0.01 0.0025886 0.000565511
0.0125886 0.0032603 0.000574904
0.0158489 0.004104 0.00058553
0.0199529 0.0051663 0.00059754
0.0251192 0.0065037 0.000611097
0.0316229 0.0081881 0.000626372
0.039811 0.010308 0.000643547
0.050119 0.0129765 0.000662805
0.0630955 0.016337 0.000684333
0.0794325 0.0205675 0.000708306
0.1 0.025886 0.000734867
0.125886 0.032602 0.00076414
0.158488 0.041041 0.00079613
0.199529 0.051662 0.000830715
0.251191 0.065038 0.000867554
0.316229 0.081881 0.000905966
0.39811 0.10308 0.00094479
0.50119 0.129775 0.000982214
0.630965 0.16336 0.0010156
0.794325 0.205675 0.00104139
1 0.25886 0.00105511
1.25886 0.32603 0.00105168
1.58489 0.4104 0.00102616
1.99529 0.51662 0.000974963
2.51191 0.65039 0.000897609
3.1623 0.8188 0.000798373
3.9811 1.0308 0.000687077
5.0119 1.29765 0.000577774
6.30955 1.6338 0.000484797
7.94335 2.05665 0.000417515
10 2.5897 0.000376891
12.5897 3.2592 0.000357166
15.8489 4.1039 0.000351838
19.9528 5.1663 0.000359428
25.1191 6.5038 0.00038469
31.6229 8.1881 0.000435361
39.811 10.308 0.000516478
50.119 12.9765 0.000624264
63.0955 16.338 0.000742374
79.4335 20.5665 0.000843878
100 25.887 0.000900131
125.887 32.601 0.000892231
158.488 41.04 0.000818357
199.528 51.663 0.000693005
251.191 65.038 0.000540273
316.229 81.881 0.000386788
398.11 103.08 0.000255514
501.19 129.775 0.000159135
630.965 163.37 9.72117e-05
794.335 205.665 6.08698e-05
1000 258.86 4.01301e-05
1258.86 326.03 2.78419e-05
1584.89 410.39 1.99994e-05
1995.28 516.64 1.46226e-05
2511.92 650.38 1.0766e-05
3162.3 818.8 7.94132e-06
3981.1 1030.8 5.8576e-06
5011.9 1297.75 4.31826e-06
6309.65 1633.7 3.18168e-06
7943.35 2056.65 2.34315e-06
10000 2588.7 1.72512e-06
12588.7 3260.1 1.26958e-06
15848.8 4104 9.34188e-07
19952.8 5166.4 6.87331e-07
25119.2 6503.7 5.05672e-07
31622.9 8188.1 3.72012e-07
39811 10308 2.73684e-07
50119 12977.5 2.01352e-07
63096.5 16336 1.48152e-07
79432.5 20567.5 1.09015e-07
100000 25886 8.02318e-08
125886 32602 5.9048e-08
158488 41040 4.34656e-08
199528 51664 3.20015e-08
251192 65038 2.35655e-08
316230 81880 1.73565e-08
398110 103080 1.27862e-08
501190 129775 9.42136e-09
630965 163360 6.94389e-09
794325 205675 5.11908e-09
1e+06 1.15886e+07 3.77507e-09
1.25886e+07 3.2603e+06 2.78434e-09
1.58489e+07 4.104e+06 2.05431e-09
1.99529e+07 5.1662e+06 1.51619e-09
2.51191e+07 6.5039e+06 1.1194e-09
3.1623e+07 8.188e+06 8.26722e-10
3.9811e+07 1.0308e+07 6.10786e-10
5.0119e+07 1.29765e+07 4.51413e-10
