1e-09 2.6e-10 3.09943e-06
1.26e-09 3.2e-10 4.77121e-06
1.58e-09 4.2e-10 7.34274e-06
2e-09 5.1e-10 1.12827e-05
2.51e-09 6.5e-10 1.7288e-05
3.16e-09 8.2e-10 2.63753e-05
3.98e-09 1.03e-09 3.99931e-05
5.01e-09 1.3e-09 6.01409e-05
6.31e-09 1.63e-09 8.94494e-05
7.94e-09 2.06e-09 0.000131169
1e-08 2.6e-09 0.000188848
1.26e-08 3.2e-09 0.000265682
1.58e-08 4.2e-09 0.000362889
2e-08 5.1e-09 0.000477492
2.51e-08 6.5e-09 0.000599409
3.16e-08 8.2e-09 0.000709223
3.98e-08 1.03e-08 0.000779153
5.01e-08 1.3e-08 0.000780321
6.31e-08 1.63e-08 0.000697084
7.94e-08 2.06e-08 0.000542455
1e-07 2.6e-08 0.000360894
1.26e-07 3.2e-08 0.000207839
1.58e-07 4.2e-08 0.000116002
2e-07 5.1e-08 8.01592e-05
2.51e-07 6.5e-08 7.43403e-05
3.16e-07 8.2e-08 7.77952e-05
3.98e-07 1.03e-07 8.23991e-05
5.01e-07 1.3e-07 8.65206e-05
6.31e-07 1.63e-07 9.00347e-05
7.94e-07 2.06e-07 9.29946e-05
1e-06 2.6e-07 9.54699e-05
1.26e-06 3.2e-07 9.75355e-05
1.58e-06 4.2e-07 9.92588e-05
2e-06 5.1e-07 0.000100702
2.51e-06 6.5e-07 0.000101918
3.16e-06 8.2e-07 0.000102951
3.98e-06 1.03e-06 0.000103839
5.01e-06 1.3e-06 0.00010461
6.31e-06 1.63e-06 0.000105288
7.94e-06 2.06e-06 0.000105892
1e-05 2.6e-06 0.000106438
1.26e-05 3.2e-06 0.000106937
1.58e-05 4.2e-06 0.0001074
2e-05 5.1e-06 0.000107833
2.51e-05 6.5e-06 0.000108244
3.16e-05 8.2e-06 0.000108638
3.98e-05 1.03e-05 0.000109019
5.01e-05 1.3e-05 0.000109393
6.31e-05 1.63e-05 0.000109762
7.94e-05 2.06e-05 0.000110131
0.0001 2.5897e-05 0.000110503
0.000125897 3.2591e-05 0.000110883
0.000158488 4.1041e-05 0.000111275
0.000199529 5.1662e-05 0.000111685
0.000251191 6.5038e-05 0.000112116
0.000316229 8.1881e-05 0.000112576
0.00039811 0.00010308 0.000113071
0.00050119 0.000129765 0.00011361
0.000630955 0.00016338 0.000114202
0.000794335 0.000205665 0.000114857
0.001 0.00025896 0.00011559
0.00125896 0.00032592 0.000116413
0.00158488 0.00041041 0.000117345
0.00199529 0.00051662 0.000118406
0.00251191 0.00065039 0.000119619
0.0031623 0.0008188 0.000121014
0.0039811 0.0010308 0.000122622
0.0050119 0.00129765 0.000124482
0.00630955 0.0016338 0.000126641
0.00794335 0.00205665 0.000129152
0.01 0.0025886 0.00013208
0.0125886 0.0032603 0.000135503
0.0158489 0.004104 0.00013951
0.0199529 0.0051663 0.00014421
0.0251192 0.0065037 0.000149731
0.0316229 0.0081881 0.000156229
0.039811 0.010308 0.000163885
0.050119 0.0129765 0.000172918
0.0630955 0.016337 0.000183585
0.0794325 0.0205675 0.000196186
0.1 0.025886 0.000211063
0.125886 0.032602 0.000228621
0.158488 0.041041 0.000249276
0.199529 0.051662 0.000273465
0.251191 0.065038 0.000301591
0.316229 0.081881 0.000333943
0.39811 0.10308 0.000370566
0.50119 0.129775 0.000411087
0.630965 0.16336 0.000454464
0.794325 0.205675 0.000498738
1 0.25886 0.000540761
1.25886 0.32603 0.0005762
1.58489 0.4104 0.000599733
1.99529 0.51662 0.000606
2.51191 0.65039 0.000591121
3.1623 0.8188 0.000554655
3.9811 1.0308 0.000501212
5.0119 1.29765 0.000440428
6.30955 1.6338 0.000384317
7.94335 2.05665 0.000342606
10 2.5897 0.000318735
12.5897 3.2592 0.000310039
15.8489 4.1039 0.000312345
19.9528 5.1663 0.000325258
25.1191 6.5038 0.000353836
31.6229 8.1881 0.000405999
39.811 10.308 0.000487272
50.119 12.9765 0.000594736
63.0955 16.338 0.000713061
79.4335 20.5665 0.00081611
100 25.887 0.000875483
125.887 32.601 0.000871926
158.488 41.04 0.000802894
199.528 51.663 0.000682142
251.191 65.038 0.000533252
316.229 81.881 0.000382623
398.11 103.08 0.000253236
501.19 129.775 0.000157961
630.965 163.37 9.66179e-05
794.335 205.665 6.05622e-05
1000 258.86 3.99624e-05
1258.86 326.03 2.77457e-05
1584.89 410.39 1.99422e-05
1995.28 516.64 1.45881e-05
2511.92 650.38 1.0745e-05
3162.3 818.8 7.9285e-06
3981.1 1030.8 5.84979e-06
5011.9 1297.75 4.3135e-06
6309.65 1633.7 3.17879e-06
7943.35 2056.65 2.34139e-06
10000 2588.7 1.72405e-06
12588.7 3260.1 1.26893e-06
15848.8 4104 9.33791e-07
19952.8 5166.4 6.8709e-07
25119.2 6503.7 5.05526e-07
31622.9 8188.1 3.71923e-07
39811 10308 2.7363e-07
50119 12977.5 2.01319e-07
63096.5 16336 1.48132e-07
79432.5 20567.5 1.09003e-07
100000 25886 8.02244e-08
125886 32602 5.90435e-08
158488 41040 4.34629e-08
199528 51664 3.19998e-08
251192 65038 2.35644e-08
316230 81880 1.73559e-08
398110 103080 1.27858e-08
501190 129775 9.42113e-09
630965 163360 6.94375e-09
794325 205675 5.11899e-09
1e+06 1.15886e+07 3.77502e-09
1.25886e+07 3.2603e+06 2.78431e-09
1.58489e+07 4.104e+06 2.05429e-09
1.99529e+07 5.1662e+06 1.51618e-09
2.51191e+07 6.5039e+06 1.11939e-09
3.1623e+07 8.188e+06 8.26718e-10
3.9811e+07 1.0308e+07 6.10783e-10
5.0119e+07 1.29765e+07 4.51411e-10
