1e-09 2.6e-10 5.21312e-06
1.26e-09 3.2e-10 7.99371e-06
1.58e-09 4.2e-10 1.22606e-05
2e-09 5.1e-10 1.8785e-05
2.51e-09 6.5e-10 2.87123e-05
3.16e-09 8.2e-10 4.37133e-05
3.98e-09 1.03e-09 6.61666e-05
5.01e-09 1.3e-09 9.93551e-05
6.31e-09 1.63e-09 0.000147597
7.94e-09 2.06e-09 0.000216228
1e-08 2.6e-09 0.000311073
1.26e-08 3.2e-09 0.00043739
1.58e-08 4.2e-09 0.000597201
2e-08 5.1e-09 0.000785673
2.51e-08 6.5e-09 0.000986351
3.16e-08 8.2e-09 0.00116751
3.98e-08 1.03e-08 0.00128374
5.01e-08 1.3e-08 0.00128782
6.31e-08 1.63e-08 0.00115414
7.94e-08 2.06e-08 0.000903939
1e-07 2.6e-08 0.000609856
1.26e-07 3.2e-08 0.000362465
1.58e-07 4.2e-08 0.000215165
2e-07 5.1e-08 0.000159319
2.51e-07 6.5e-08 0.000152378
3.16e-07 8.2e-08 0.000160357
3.98e-07 1.03e-07 0.000169941
5.01e-07 1.3e-07 0.000178462
6.31e-07 1.63e-07 0.000185729
7.94e-07 2.06e-07 0.000191854
1e-06 2.6e-07 0.00019698
1.26e-06 3.2e-07 0.000201261
1.58e-06 4.2e-07 0.000204838
2e-06 5.1e-07 0.000207836
2.51e-06 6.5e-07 0.000210366
3.16e-06 8.2e-07 0.00021252
3.98e-06 1.03e-06 0.000214372
5.01e-06 1.3e-06 0.000215985
6.31e-06 1.63e-06 0.000217406
7.94e-06 2.06e-06 0.000218675
1e-05 2.6e-06 0.000219822
1.26e-05 3.2e-06 0.000220874
1.58e-05 4.2e-06 0.00022185
2e-05 5.1e-06 0.000222766
2.51e-05 6.5e-06 0.000223635
3.16e-05 8.2e-06 0.000224469
3.98e-05 1.03e-05 0.000225276
5.01e-05 1.3e-05 0.000226067
6.31e-05 1.63e-05 0.000226848
7.94e-05 2.06e-05 0.000227629
0.0001 2.5897e-05 0.000228416
0.000125897 3.2591e-05 0.000229217
0.000158488 4.1041e-05 0.000230043
0.000199529 5.1662e-05 0.000230903
0.000251191 6.5038e-05 0.000231806
0.000316229 8.1881e-05 0.000232767
0.00039811 0.00010308 0.000233798
0.00050119 0.000129765 0.000234917
0.000630955 0.00016338 0.000236141
0.000794335 0.000205665 0.000237493
0.001 0.00025896 0.000238999
0.00125896 0.00032592 0.000240686
0.00158488 0.00041041 0.000242591
0.00199529 0.00051662 0.000244752
0.00251191 0.00065039 0.000247219
0.0031623 0.0008188 0.000250045
0.0039811 0.0010308 0.000253295
0.0050119 0.00129765 0.000257047
0.00630955 0.0016338 0.000261389
0.00794335 0.00205665 0.000266428
0.01 0.0025886 0.000272286
0.0125886 0.0032603 0.000279113
0.0158489 0.004104 0.000287081
0.0199529 0.0051663 0.00029639
0.0251192 0.0065037 0.000307282
0.0316229 0.0081881 0.000320036
0.039811 0.010308 0.000334979
0.050119 0.0129765 0.000352487
0.0630955 0.016337 0.000372994
0.0794325 0.0205675 0.000396983
0.1 0.025886 0.000424973
0.125886 0.032602 0.00045754
0.158488 0.041041 0.000495203
0.199529 0.051662 0.000538417
0.251191 0.065038 0.00058745
0.316229 0.081881 0.000642223
0.39811 0.10308 0.000702093
0.50119 0.129775 0.00076559
0.630965 0.16336 0.000830093
0.794325 0.205675 0.000891593
1 0.25886 0.000944505
1.25886 0.32603 0.000981965
1.58489 0.4104 0.000996455
1.99529 0.51662 0.000981424
2.51191 0.65039 0.000933475
3.1623 0.8188 0.000854841
3.9811 1.0308 0.000754946
5.0119 1.29765 0.00064947
6.30955 1.6338 0.000555943
7.94335 2.05665 0.000487198
10 2.5897 0.000446479
12.5897 3.2592 0.000428623
15.8489 4.1039 0.000426893
19.9528 5.1663 0.000440105
25.1191 6.5038 0.000474485
31.6229 8.1881 0.000539914
39.811 10.308 0.000642928
50.119 12.9765 0.000778986
63.0955 16.338 0.00092768
79.4335 20.5665 0.00105524
100 25.887 0.00112587
125.887 32.601 0.0011163
158.488 41.04 0.00102473
199.528 51.663 0.000869101
251.191 65.038 0.000678489
316.229 81.881 0.000485553
398.11 103.08 0.000319958
501.19 129.775 0.00019874
630.965 163.37 0.000121355
794.335 205.665 7.6173e-05
1000 258.86 5.043e-05
1258.86 326.03 3.51526e-05
1584.89 410.39 2.53685e-05
1995.28 516.64 1.86326e-05
2511.92 650.38 1.37796e-05
3162.3 818.8 1.02087e-05
3981.1 1030.8 7.56226e-06
5011.9 1297.75 5.59818e-06
6309.65 1633.7 4.14143e-06
7943.35 2056.65 3.06194e-06
10000 2588.7 2.26291e-06
12588.7 3260.1 1.67151e-06
15848.8 4104 1.23433e-06
19952.8 5166.4 9.11303e-07
25119.2 6503.7 6.72687e-07
31622.9 8188.1 4.96473e-07
39811 10308 3.66378e-07
50119 12977.5 2.70346e-07
63096.5 16336 1.99478e-07
79432.5 20567.5 1.47177e-07
100000 25886 1.08592e-07
125886 32602 8.01107e-08
158488 41040 5.91008e-08
199528 51664 4.3602e-08
251192 65038 3.21678e-08
316230 81880 2.37321e-08
398110 103080 1.75089e-08
501190 129775 1.29176e-08
630965 163360 9.53082e-09
794325 205675 7.03199e-09
1e+06 1.15886e+07 5.1888e-09
1.25886e+07 3.2603e+06 3.82835e-09
1.58489e+07 4.104e+06 2.82479e-09
1.99529e+07 5.1662e+06 2.08444e-09
2.51191e+07 6.5039e+06 1.53819e-09
3.1623e+07 8.188e+06 1.13513e-09
3.9811e+07 1.0308e+07 8.37721e-10
5.0119e+07 1.29765e+07 6.18256e-10
