1e-09 2.6e-10 5.19296e-06
1.26e-09 3.2e-10 7.96391e-06
1.58e-09 4.2e-10 1.22164e-05
2e-09 5.1e-10 1.87192e-05
2.51e-09 6.5e-10 2.86143e-05
3.16e-09 8.2e-10 4.35675e-05
3.98e-09 1.03e-09 6.59501e-05
5.01e-09 1.3e-09 9.90353e-05
6.31e-09 1.63e-09 0.000147128
7.94e-09 2.06e-09 0.000215549
1e-08 2.6e-09 0.000310104
1.26e-08 3.2e-09 0.000436038
1.58e-08 4.2e-09 0.000595362
2e-08 5.1e-09 0.000783259
2.51e-08 6.5e-09 0.000983317
3.16e-08 8.2e-09 0.0011639
3.98e-08 1.03e-08 0.00127974
5.01e-08 1.3e-08 0.00128372
6.31e-08 1.63e-08 0.00115033
7.94e-08 2.06e-08 0.00090075
1e-07 2.6e-08 0.000607401
1.26e-07 3.2e-08 0.000360609
1.58e-07 4.2e-08 0.000213623
2e-07 5.1e-08 0.000157836
2.51e-07 6.5e-08 0.000150822
3.16e-07 8.2e-08 0.000158693
3.98e-07 1.03e-07 0.000168177
5.01e-07 1.3e-07 0.000176609
6.31e-07 1.63e-07 0.0001838
7.94e-07 2.06e-07 0.000189861
1e-06 2.6e-07 0.000194934
1.26e-06 3.2e-07 0.000199171
1.58e-06 4.2e-07 0.00020271
2e-06 5.1e-07 0.000205677
2.51e-06 6.5e-07 0.000208181
3.16e-06 8.2e-07 0.000210313
3.98e-06 1.03e-06 0.000212146
5.01e-06 1.3e-06 0.000213742
6.31e-06 1.63e-06 0.000215148
7.94e-06 2.06e-06 0.000216404
1e-05 2.6e-06 0.000217539
1.26e-05 3.2e-06 0.000218581
1.58e-05 4.2e-06 0.000219546
2e-05 5.1e-06 0.000220453
2.51e-05 6.5e-06 0.000221313
3.16e-05 8.2e-06 0.000222138
3.98e-05 1.03e-05 0.000222937
5.01e-05 1.3e-05 0.00022372
6.31e-05 1.63e-05 0.000224493
7.94e-05 2.06e-05 0.000225266
0.0001 2.5897e-05 0.000226045
0.000125897 3.2591e-05 0.000226838
0.000158488 4.1041e-05 0.000227656
0.000199529 5.1662e-05 0.000228507
0.000251191 6.5038e-05 0.000229401
0.000316229 8.1881e-05 0.000230352
0.00039811 0.00010308 0.000231374
0.00050119 0.000129765 0.000232481
0.000630955 0.00016338 0.000233694
0.000794335 0.000205665 0.000235033
0.001 0.00025896 0.000236524
0.00125896 0.00032592 0.000238196
0.00158488 0.00041041 0.000240083
0.00199529 0.00051662 0.000242225
0.00251191 0.00065039 0.000244669
0.0031623 0.0008188 0.000247469
0.0039811 0.0010308 0.000250691
0.0050119 0.00129765 0.000254409
0.00630955 0.0016338 0.000258714
0.00794335 0.00205665 0.000263709
0.01 0.0025886 0.000269517
0.0125886 0.0032603 0.000276287
0.0158489 0.004104 0.000284189
0.0199529 0.0051663 0.000293423
0.0251192 0.0065037 0.000304229
0.0316229 0.0081881 0.000316885
0.039811 0.010308 0.000331716
0.050119 0.0129765 0.000349098
0.0630955 0.016337 0.000369463
0.0794325 0.0205675 0.000393294
0.1 0.025886 0.000421111
0.125886 0.032602 0.00045349
0.158488 0.041041 0.000490954
0.199529 0.051662 0.000533964
0.251191 0.065038 0.000582796
0.316229 0.081881 0.000637385
0.39811 0.10308 0.000697103
0.50119 0.129775 0.000760499
0.630965 0.16336 0.000824975
0.794325 0.205675 0.000886544
1 0.25886 0.000939638
1.25886 0.32603 0.000977405
1.58489 0.4104 0.000992325
1.99529 0.51662 0.000977825
2.51191 0.65039 0.000930472
3.1623 0.8188 0.000852447
3.9811 1.0308 0.000753119
5.0119 1.29765 0.00064812
6.30955 1.6338 0.000554956
7.94335 2.05665 0.000486463
10 2.5897 0.00044591
12.5897 3.2592 0.000428162
15.8489 4.1039 0.000426508
19.9528 5.1663 0.000439772
25.1191 6.5038 0.000474185
31.6229 8.1881 0.000539629
39.811 10.308 0.000642645
50.119 12.9765 0.000778701
63.0955 16.338 0.000927398
79.4335 20.5665 0.00105497
100 25.887 0.00112563
125.887 32.601 0.00111611
158.488 41.04 0.00102458
199.528 51.663 0.000868998
251.191 65.038 0.000678423
316.229 81.881 0.000485513
398.11 103.08 0.000319936
501.19 129.775 0.000198729
630.965 163.37 0.000121349
794.335 205.665 7.61701e-05
1000 258.86 5.04284e-05
1258.86 326.03 3.51516e-05
1584.89 410.39 2.5368e-05
1995.28 516.64 1.86323e-05
2511.92 650.38 1.37794e-05
3162.3 818.8 1.02086e-05
3981.1 1030.8 7.56218e-06
5011.9 1297.75 5.59813e-06
6309.65 1633.7 4.1414e-06
7943.35 2056.65 3.06193e-06
10000 2588.7 2.2629e-06
12588.7 3260.1 1.6715e-06
15848.8 4104 1.23433e-06
19952.8 5166.4 9.113e-07
25119.2 6503.7 6.72686e-07
31622.9 8188.1 4.96472e-07
39811 10308 3.66377e-07
50119 12977.5 2.70345e-07
63096.5 16336 1.99478e-07
79432.5 20567.5 1.47177e-07
100000 25886 1.08592e-07
125886 32602 8.01106e-08
158488 41040 5.91008e-08
199528 51664 4.36019e-08
251192 65038 3.21678e-08
316230 81880 2.37321e-08
398110 103080 1.75089e-08
501190 129775 1.29176e-08
630965 163360 9.53082e-09
794325 205675 7.03199e-09
1e+06 1.15886e+07 5.1888e-09
1.25886e+07 3.2603e+06 3.82835e-09
1.58489e+07 4.104e+06 2.82479e-09
1.99529e+07 5.1662e+06 2.08444e-09
2.51191e+07 6.5039e+06 1.53819e-09
3.1623e+07 8.188e+06 1.13513e-09
3.9811e+07 1.0308e+07 8.37721e-10
5.0119e+07 1.29765e+07 6.18256e-10
