1e-09 2.6e-10 5.33581e-06
1.26e-09 3.2e-10 8.1738e-06
1.58e-09 4.2e-10 1.25261e-05
2e-09 5.1e-10 1.91776e-05
2.51e-09 6.5e-10 2.92941e-05
3.16e-09 8.2e-10 4.45752e-05
3.98e-09 1.03e-09 6.74409e-05
5.01e-09 1.3e-09 0.000101231
6.31e-09 1.63e-09 0.000150337
7.94e-09 2.06e-09 0.000220187
1e-08 2.6e-09 0.000316707
1.26e-08 3.2e-09 0.000445248
1.58e-08 4.2e-09 0.000607871
2e-08 5.1e-09 0.000799677
2.51e-08 6.5e-09 0.00100395
3.16e-08 8.2e-09 0.00118846
3.98e-08 1.03e-08 0.00130707
5.01e-08 1.3e-08 0.00131178
6.31e-08 1.63e-08 0.00117657
7.94e-08 2.06e-08 0.000923012
1e-07 2.6e-08 0.000624901
1.26e-07 3.2e-08 0.000374257
1.58e-07 4.2e-08 0.000225322
2e-07 5.1e-08 0.000169293
2.51e-07 6.5e-08 0.000162911
3.16e-07 8.2e-08 0.000171625
3.98e-07 1.03e-07 0.000181899
5.01e-07 1.3e-07 0.000191021
6.31e-07 1.63e-07 0.000198799
7.94e-07 2.06e-07 0.000205354
1e-06 2.6e-07 0.000210841
1.26e-06 3.2e-07 0.000215424
1.58e-06 4.2e-07 0.000219252
2e-06 5.1e-07 0.000222461
2.51e-06 6.5e-07 0.000225169
3.16e-06 8.2e-07 0.000227474
3.98e-06 1.03e-06 0.000229457
5.01e-06 1.3e-06 0.000231183
6.31e-06 1.63e-06 0.000232703
7.94e-06 2.06e-06 0.000234061
1e-05 2.6e-06 0.00023529
1.26e-05 3.2e-06 0.000236416
1.58e-05 4.2e-06 0.00023746
2e-05 5.1e-06 0.00023844
2.51e-05 6.5e-06 0.000239369
3.16e-05 8.2e-06 0.000240261
3.98e-05 1.03e-05 0.000241125
5.01e-05 1.3e-05 0.00024197
6.31e-05 1.63e-05 0.000242805
7.94e-05 2.06e-05 0.000243639
0.0001 2.5897e-05 0.00024448
0.000125897 3.2591e-05 0.000245337
0.000158488 4.1041e-05 0.000246218
0.000199529 5.1662e-05 0.000247135
0.000251191 6.5038e-05 0.000248099
0.000316229 8.1881e-05 0.000249123
0.00039811 0.00010308 0.000250222
0.00050119 0.000129765 0.000251413
0.000630955 0.00016338 0.000252717
0.000794335 0.000205665 0.000254155
0.001 0.00025896 0.000255755
0.00125896 0.00032592 0.000257548
0.00158488 0.00041041 0.000259571
0.00199529 0.00051662 0.000261865
0.00251191 0.00065039 0.000264481
0.0031623 0.0008188 0.000267476
0.0039811 0.0010308 0.00027092
0.0050119 0.00129765 0.000274891
0.00630955 0.0016338 0.000279484
0.00794335 0.00205665 0.00028481
0.01 0.0025886 0.000290995
0.0125886 0.0032603 0.000298199
0.0158489 0.004104 0.000306596
0.0199529 0.0051663 0.000316397
0.0251192 0.0065037 0.000327849
0.0316229 0.0081881 0.000341241
0.039811 0.010308 0.000356905
0.050119 0.0129765 0.000375226
0.0630955 0.016337 0.000396641
0.0794325 0.0205675 0.000421636
0.1 0.025886 0.000450723
0.125886 0.032602 0.000484468
0.158488 0.041041 0.000523364
0.199529 0.051662 0.000567828
0.251191 0.065038 0.000618067
0.316229 0.081881 0.000673923
0.39811 0.10308 0.00073465
0.50119 0.129775 0.000798653
0.630965 0.16336 0.000863175
0.794325 0.205675 0.000924077
1 0.25886 0.000975666
1.25886 0.32603 0.00101103
1.58489 0.4104 0.00102267
1.99529 0.51662 0.00100417
2.51191 0.65039 0.000952387
3.1623 0.8188 0.000869865
3.9811 1.0308 0.000766379
5.0119 1.29765 0.000657893
6.30955 1.6338 0.000562086
7.94335 2.05665 0.000491762
10 2.5897 0.000450012
12.5897 3.2592 0.000431477
15.8489 4.1039 0.000429278
19.9528 5.1663 0.000442163
25.1191 6.5038 0.000476339
31.6229 8.1881 0.000541672
39.811 10.308 0.00064467
50.119 12.9765 0.000780742
63.0955 16.338 0.000929416
79.4335 20.5665 0.00105688
100 25.887 0.00112732
125.887 32.601 0.00111749
158.488 41.04 0.00102563
199.528 51.663 0.000869737
251.191 65.038 0.0006789
316.229 81.881 0.000485796
398.11 103.08 0.00032009
501.19 129.775 0.000198808
630.965 163.37 0.000121389
794.335 205.665 7.61908e-05
1000 258.86 5.04397e-05
1258.86 326.03 3.51582e-05
1584.89 410.39 2.53719e-05
1995.28 516.64 1.86347e-05
2511.92 650.38 1.37808e-05
3162.3 818.8 1.02095e-05
3981.1 1030.8 7.56272e-06
5011.9 1297.75 5.59847e-06
6309.65 1633.7 4.14161e-06
7943.35 2056.65 3.06205e-06
10000 2588.7 2.26298e-06
12588.7 3260.1 1.67155e-06
15848.8 4104 1.23436e-06
19952.8 5166.4 9.11318e-07
25119.2 6503.7 6.72696e-07
31622.9 8188.1 4.96478e-07
39811 10308 3.66381e-07
50119 12977.5 2.70348e-07
63096.5 16336 1.99479e-07
79432.5 20567.5 1.47178e-07
100000 25886 1.08593e-07
125886 32602 8.01109e-08
158488 41040 5.9101e-08
199528 51664 4.36021e-08
251192 65038 3.21679e-08
316230 81880 2.37322e-08
398110 103080 1.75089e-08
501190 129775 1.29176e-08
630965 163360 9.53083e-09
794325 205675 7.032e-09
1e+06 1.15886e+07 5.1888e-09
1.25886e+07 3.2603e+06 3.82835e-09
1.58489e+07 4.104e+06 2.82479e-09
1.99529e+07 5.1662e+06 2.08444e-09
2.51191e+07 6.5039e+06 1.53819e-09
3.1623e+07 8.188e+06 1.13513e-09
3.9811e+07 1.0308e+07 8.37721e-10
5.0119e+07 1.29765e+07 6.18256e-10
