1e-09 2.6e-10 3.93997e-06
1.26e-09 3.2e-10 6.06441e-06
1.58e-09 4.2e-10 9.33199e-06
2e-09 5.1e-10 1.43381e-05
2.51e-09 6.5e-10 2.1968e-05
3.16e-09 8.2e-10 3.35132e-05
3.98e-09 1.03e-09 5.08135e-05
5.01e-09 1.3e-09 7.6409e-05
6.31e-09 1.63e-09 0.000113641
7.94e-09 2.06e-09 0.000166639
1e-08 2.6e-09 0.000239909
1.26e-08 3.2e-09 0.000337512
1.58e-08 4.2e-09 0.000460995
2e-08 5.1e-09 0.000606579
2.51e-08 6.5e-09 0.000761459
3.16e-08 8.2e-09 0.000900976
3.98e-08 1.03e-08 0.000989848
5.01e-08 1.3e-08 0.000991397
6.31e-08 1.63e-08 0.000885755
7.94e-08 2.06e-08 0.00068945
1e-07 2.6e-08 0.000458945
1.26e-07 3.2e-08 0.000264649
1.58e-07 4.2e-08 0.000148105
2e-07 5.1e-08 0.000102675
2.51e-07 6.5e-08 9.53722e-05
3.16e-07 8.2e-08 9.98418e-05
3.98e-07 1.03e-07 0.000105763
5.01e-07 1.3e-07 0.000111064
6.31e-07 1.63e-07 0.000115587
7.94e-07 2.06e-07 0.000119398
1e-06 2.6e-07 0.000122589
1.26e-06 3.2e-07 0.000125253
1.58e-06 4.2e-07 0.000127479
2e-06 5.1e-07 0.000129345
2.51e-06 6.5e-07 0.00013092
3.16e-06 8.2e-07 0.00013226
3.98e-06 1.03e-06 0.000133414
5.01e-06 1.3e-06 0.000134417
6.31e-06 1.63e-06 0.000135302
7.94e-06 2.06e-06 0.000136092
1e-05 2.6e-06 0.000136807
1.26e-05 3.2e-06 0.000137462
1.58e-05 4.2e-06 0.00013807
2e-05 5.1e-06 0.000138641
2.51e-05 6.5e-06 0.000139182
3.16e-05 8.2e-06 0.000139702
3.98e-05 1.03e-05 0.000140206
5.01e-05 1.3e-05 0.0001407
6.31e-05 1.63e-05 0.000141188
7.94e-05 2.06e-05 0.000141676
0.0001 2.5897e-05 0.000142168
0.000125897 3.2591e-05 0.000142671
0.000158488 4.1041e-05 0.000143188
0.000199529 5.1662e-05 0.000143728
0.000251191 6.5038e-05 0.000144296
0.000316229 8.1881e-05 0.000144901
0.00039811 0.00010308 0.000145551
0.00050119 0.000129765 0.000146257
0.000630955 0.00016338 0.000147031
0.000794335 0.000205665 0.000147887
0.001 0.00025896 0.000148841
0.00125896 0.00032592 0.000149912
0.00158488 0.00041041 0.000151123
0.00199529 0.00051662 0.000152499
0.00251191 0.00065039 0.000154071
0.0031623 0.0008188 0.000155875
0.0039811 0.0010308 0.000157954
0.0050119 0.00129765 0.000160357
0.00630955 0.0016338 0.000163143
0.00794335 0.00205665 0.000166383
0.01 0.0025886 0.000170157
0.0125886 0.0032603 0.000174568
0.0158489 0.004104 0.000179729
0.0199529 0.0051663 0.000185781
0.0251192 0.0065037 0.000192888
0.0316229 0.0081881 0.00020125
0.039811 0.010308 0.000211101
0.050119 0.0129765 0.000222719
0.0630955 0.016337 0.000236436
0.0794325 0.0205675 0.000252637
0.1 0.025886 0.00027176
0.125886 0.032602 0.000294323
0.158488 0.041041 0.000320857
0.199529 0.051662 0.00035192
0.251191 0.065038 0.000388024
0.316229 0.081881 0.000429531
0.39811 0.10308 0.000476489
0.50119 0.129775 0.000528406
0.630965 0.16336 0.000583929
0.794325 0.205675 0.000640532
1 0.25886 0.000694166
1.25886 0.32603 0.000739277
1.58489 0.4104 0.000769055
1.99529 0.51662 0.000776669
2.51191 0.65039 0.000757201
3.1623 0.8188 0.000710154
3.9811 1.0308 0.000641484
5.0119 1.29765 0.00056356
6.30955 1.6338 0.000491747
7.94335 2.05665 0.000438452
10 2.5897 0.000408032
12.5897 3.2592 0.000397044
15.8489 4.1039 0.000400124
19.9528 5.1663 0.000416723
25.1191 6.5038 0.000453211
31.6229 8.1881 0.000519553
39.811 10.308 0.000622593
50.119 12.9765 0.000758373
63.0955 16.338 0.000907184
79.4335 20.5665 0.00103581
100 25.887 0.00110861
125.887 32.601 0.00110208
158.488 41.04 0.00101388
199.528 51.663 0.00086147
251.191 65.038 0.00067355
316.229 81.881 0.000482624
398.11 103.08 0.000318359
501.19 129.775 0.000197918
630.965 163.37 0.000120939
794.335 205.665 7.59571e-05
1000 258.86 5.03117e-05
1258.86 326.03 3.50844e-05
1584.89 410.39 2.53278e-05
1995.28 516.64 1.86079e-05
2511.92 650.38 1.37645e-05
3162.3 818.8 1.01994e-05
3981.1 1030.8 7.55659e-06
5011.9 1297.75 5.59471e-06
6309.65 1633.7 4.13931e-06
7943.35 2056.65 3.06065e-06
10000 2588.7 2.26212e-06
12588.7 3260.1 1.67102e-06
15848.8 4104 1.23404e-06
19952.8 5166.4 9.11123e-07
25119.2 6503.7 6.72577e-07
31622.9 8188.1 4.96406e-07
39811 10308 3.66337e-07
50119 12977.5 2.70321e-07
63096.5 16336 1.99463e-07
79432.5 20567.5 1.47168e-07
100000 25886 1.08587e-07
125886 32602 8.01072e-08
158488 41040 5.90987e-08
199528 51664 4.36007e-08
251192 65038 3.2167e-08
316230 81880 2.37317e-08
398110 103080 1.75086e-08
501190 129775 1.29175e-08
630965 163360 9.53071e-09
794325 205675 7.03193e-09
1e+06 1.15886e+07 5.18876e-09
1.25886e+07 3.2603e+06 3.82832e-09
1.58489e+07 4.104e+06 2.82478e-09
1.99529e+07 5.1662e+06 2.08443e-09
2.51191e+07 6.5039e+06 1.53818e-09
3.1623e+07 8.188e+06 1.13512e-09
3.9811e+07 1.0308e+07 8.37719e-10
5.0119e+07 1.29765e+07 6.18255e-10
