1e-09 2.6e-10 5.53834e-06
1.26e-09 3.2e-10 8.46368e-06
1.58e-09 4.2e-10 1.29432e-05
2e-09 5.1e-10 1.97805e-05
2.51e-09 6.5e-10 3.01681e-05
3.16e-09 8.2e-10 4.58448e-05
3.98e-09 1.03e-09 6.92848e-05
5.01e-09 1.3e-09 0.000103902
6.31e-09 1.63e-09 0.000154186
7.94e-09 2.06e-09 0.000225686
1e-08 2.6e-09 0.000324459
1.26e-08 3.2e-09 0.000455983
1.58e-08 4.2e-09 0.00062238
2e-08 5.1e-09 0.000818676
2.51e-08 6.5e-09 0.00102785
3.16e-08 8.2e-09 0.00121706
3.98e-08 1.03e-08 0.00133926
5.01e-08 1.3e-08 0.00134551
6.31e-08 1.63e-08 0.00120926
7.94e-08 2.06e-08 0.000952477
1e-07 2.6e-08 0.000650371
1.26e-07 3.2e-08 0.000396717
1.58e-07 4.2e-08 0.000246763
2e-07 5.1e-08 0.000191469
2.51e-07 6.5e-08 0.000186672
3.16e-07 8.2e-08 0.000197102
3.98e-07 1.03e-07 0.000208942
5.01e-07 1.3e-07 0.00021942
6.31e-07 1.63e-07 0.000228355
7.94e-07 2.06e-07 0.000235885
1e-06 2.6e-07 0.000242187
1.26e-06 3.2e-07 0.000247451
1.58e-06 4.2e-07 0.000251848
2e-06 5.1e-07 0.000255534
2.51e-06 6.5e-07 0.000258645
3.16e-06 8.2e-07 0.000261292
3.98e-06 1.03e-06 0.00026357
5.01e-06 1.3e-06 0.000265552
6.31e-06 1.63e-06 0.000267298
7.94e-06 2.06e-06 0.000268858
1e-05 2.6e-06 0.000270268
1.26e-05 3.2e-06 0.00027156
1.58e-05 4.2e-06 0.000272759
2e-05 5.1e-06 0.000273883
2.51e-05 6.5e-06 0.00027495
3.16e-05 8.2e-06 0.000275972
3.98e-05 1.03e-05 0.000276962
5.01e-05 1.3e-05 0.000277931
6.31e-05 1.63e-05 0.000278888
7.94e-05 2.06e-05 0.000279842
0.0001 2.5897e-05 0.000280804
0.000125897 3.2591e-05 0.000281782
0.000158488 4.1041e-05 0.000282788
0.000199529 5.1662e-05 0.000283834
0.000251191 6.5038e-05 0.000284932
0.000316229 8.1881e-05 0.000286096
0.00039811 0.00010308 0.000287345
0.00050119 0.000129765 0.000288696
0.000630955 0.00016338 0.000290173
0.000794335 0.000205665 0.0002918
0.001 0.00025896 0.000293608
0.00125896 0.00032592 0.000295631
0.00158488 0.00041041 0.000297909
0.00199529 0.00051662 0.000300489
0.00251191 0.00065039 0.000303426
0.0031623 0.0008188 0.000306785
0.0039811 0.0010308 0.000310639
0.0050119 0.00129765 0.000315075
0.00630955 0.0016338 0.000320198
0.00794335 0.00205665 0.000326125
0.01 0.0025886 0.000332996
0.0125886 0.0032603 0.000340978
0.0158489 0.004104 0.00035026
0.0199529 0.0051663 0.000361065
0.0251192 0.0065037 0.000373651
0.0316229 0.0081881 0.000388319
0.039811 0.010308 0.000405413
0.050119 0.0129765 0.000425323
0.0630955 0.016337 0.000448487
0.0794325 0.0205675 0.000475383
0.1 0.025886 0.000506504
0.125886 0.032602 0.000542377
0.158488 0.041041 0.000583434
0.199529 0.051662 0.000629999
0.251191 0.065038 0.000682155
0.316229 0.081881 0.000739582
0.39811 0.10308 0.000801335
0.50119 0.129775 0.000865593
0.630965 0.16336 0.000929368
0.794325 0.205675 0.000988308
1 0.25886 0.00103657
1.25886 0.32603 0.00106719
1.58489 0.4104 0.00107279
1.99529 0.51662 0.00104724
2.51191 0.65039 0.000987863
3.1623 0.8188 0.000897817
3.9811 1.0308 0.000787492
5.0119 1.29765 0.000673348
6.30955 1.6338 0.000573291
7.94335 2.05665 0.000500047
10 2.5897 0.000456396
12.5897 3.2592 0.000436616
15.8489 4.1039 0.00043356
19.9528 5.1663 0.000445847
25.1191 6.5038 0.000479648
31.6229 8.1881 0.000544806
39.811 10.308 0.000647772
50.119 12.9765 0.000783862
63.0955 16.338 0.000932498
79.4335 20.5665 0.00105978
100 25.887 0.00112989
125.887 32.601 0.0011196
158.488 41.04 0.00102724
199.528 51.663 0.000870862
251.191 65.038 0.000679627
316.229 81.881 0.000486226
398.11 103.08 0.000320325
501.19 129.775 0.000198929
630.965 163.37 0.00012145
794.335 205.665 7.62223e-05
1000 258.86 5.0457e-05
1258.86 326.03 3.51681e-05
1584.89 410.39 2.53778e-05
1995.28 516.64 1.86383e-05
2511.92 650.38 1.3783e-05
3162.3 818.8 1.02108e-05
3981.1 1030.8 7.56355e-06
5011.9 1297.75 5.59897e-06
6309.65 1633.7 4.14191e-06
7943.35 2056.65 3.06224e-06
10000 2588.7 2.26309e-06
12588.7 3260.1 1.67162e-06
15848.8 4104 1.2344e-06
19952.8 5166.4 9.11344e-07
25119.2 6503.7 6.72712e-07
31622.9 8188.1 4.96488e-07
39811 10308 3.66387e-07
50119 12977.5 2.70351e-07
63096.5 16336 1.99481e-07
79432.5 20567.5 1.47179e-07
100000 25886 1.08593e-07
125886 32602 8.01114e-08
158488 41040 5.91013e-08
199528 51664 4.36022e-08
251192 65038 3.2168e-08
316230 81880 2.37323e-08
398110 103080 1.7509e-08
501190 129775 1.29177e-08
630965 163360 9.53085e-09
794325 205675 7.03201e-09
1e+06 1.15886e+07 5.18881e-09
1.25886e+07 3.2603e+06 3.82835e-09
1.58489e+07 4.104e+06 2.8248e-09
1.99529e+07 5.1662e+06 2.08444e-09
2.51191e+07 6.5039e+06 1.53819e-09
3.1623e+07 8.188e+06 1.13513e-09
3.9811e+07 1.0308e+07 8.37721e-10
5.0119e+07 1.29765e+07 6.18256e-10
