1e-09 2.6e-10 5.76723e-06
1.26e-09 3.2e-10 8.74845e-06
1.58e-09 4.2e-10 1.32919e-05
2e-09 5.1e-10 2.01985e-05
2.51e-09 6.5e-10 3.06553e-05
3.16e-09 8.2e-10 4.63907e-05
3.98e-09 1.03e-09 6.98618e-05
5.01e-09 1.3e-09 0.000104457
6.31e-09 1.63e-09 0.000154629
7.94e-09 2.06e-09 0.000225884
1e-08 2.6e-09 0.000324236
1.26e-08 3.2e-09 0.000455138
1.58e-08 4.2e-09 0.00062075
2e-08 5.1e-09 0.000816251
2.51e-08 6.5e-09 0.00102496
3.16e-08 8.2e-09 0.00121462
3.98e-08 1.03e-08 0.00133895
5.01e-08 1.3e-08 0.00134981
6.31e-08 1.63e-08 0.001221
7.94e-08 2.06e-08 0.000974053
1e-07 2.6e-08 0.000682841
1.26e-07 3.2e-08 0.000439475
1.58e-07 4.2e-08 0.000298123
2e-07 5.1e-08 0.000249685
2.51e-07 6.5e-08 0.000250523
3.16e-07 8.2e-08 0.000265811
3.98e-07 1.03e-07 0.000281891
5.01e-07 1.3e-07 0.000296033
6.31e-07 1.63e-07 0.000308087
7.94e-07 2.06e-07 0.000318246
1e-06 2.6e-07 0.000326748
1.26e-06 3.2e-07 0.00033385
1.58e-06 4.2e-07 0.000339781
2e-06 5.1e-07 0.000344754
2.51e-06 6.5e-07 0.00034895
3.16e-06 8.2e-07 0.000352521
3.98e-06 1.03e-06 0.000355592
5.01e-06 1.3e-06 0.000358265
6.31e-06 1.63e-06 0.00036062
7.94e-06 2.06e-06 0.000362722
1e-05 2.6e-06 0.000364622
1.26e-05 3.2e-06 0.000366363
1.58e-05 4.2e-06 0.000367976
2e-05 5.1e-06 0.000369489
2.51e-05 6.5e-06 0.000370923
3.16e-05 8.2e-06 0.000372296
3.98e-05 1.03e-05 0.000373624
5.01e-05 1.3e-05 0.000374922
6.31e-05 1.63e-05 0.000376201
7.94e-05 2.06e-05 0.000377475
0.0001 2.5897e-05 0.000378756
0.000125897 3.2591e-05 0.000380056
0.000158488 4.1041e-05 0.000381389
0.000199529 5.1662e-05 0.000382771
0.000251191 6.5038e-05 0.000384216
0.000316229 8.1881e-05 0.000385744
0.00039811 0.00010308 0.000387375
0.00050119 0.000129765 0.000389134
0.000630955 0.00016338 0.000391048
0.000794335 0.000205665 0.000393148
0.001 0.00025896 0.000395471
0.00125896 0.00032592 0.000398057
0.00158488 0.00041041 0.000400958
0.00199529 0.00051662 0.000404228
0.00251191 0.00065039 0.000407932
0.0031623 0.0008188 0.000412146
0.0039811 0.0010308 0.000416958
0.0050119 0.00129765 0.000422467
0.00630955 0.0016338 0.000428793
0.00794335 0.00205665 0.000436069
0.01 0.0025886 0.000444449
0.0125886 0.0032603 0.000454119
0.0158489 0.004104 0.000465282
0.0199529 0.0051663 0.000478171
0.0251192 0.0065037 0.000493058
0.0316229 0.0081881 0.000510244
0.039811 0.010308 0.000530068
0.050119 0.0129765 0.000552902
0.0630955 0.016337 0.000579147
0.0794325 0.0205675 0.000609223
0.1 0.025886 0.000643531
0.125886 0.032602 0.000682476
0.158488 0.041041 0.000726319
0.199529 0.051662 0.000775169
0.251191 0.065038 0.000828847
0.316229 0.081881 0.000886724
0.39811 0.10308 0.000947517
0.50119 0.129775 0.00100906
0.630965 0.16336 0.00106805
0.794325 0.205675 0.0011199
1 0.25886 0.00115867
1.25886 0.32603 0.00117748
1.58489 0.4104 0.00116932
1.99529 0.51662 0.00112872
2.51191 0.65039 0.0010539
3.1623 0.8188 0.000949091
3.9811 1.0308 0.000825723
5.0119 1.29765 0.000701016
6.30955 1.6338 0.000593153
7.94335 2.05665 0.000514607
10 2.5897 0.000467534
12.5897 3.2592 0.000445525
15.8489 4.1039 0.000440941
19.9528 5.1663 0.000452171
25.1191 6.5038 0.000485308
31.6229 8.1881 0.000550147
39.811 10.308 0.000653043
50.119 12.9765 0.000789152
63.0955 16.338 0.000937715
79.4335 20.5665 0.00106469
100 25.887 0.00113422
125.887 32.601 0.00112316
158.488 41.04 0.00102993
199.528 51.663 0.000872754
251.191 65.038 0.000680848
316.229 81.881 0.000486948
398.11 103.08 0.000320718
501.19 129.775 0.00019913
630.965 163.37 0.000121552
794.335 205.665 7.62752e-05
1000 258.86 5.04859e-05
1258.86 326.03 3.51848e-05
1584.89 410.39 2.53877e-05
1995.28 516.64 1.86443e-05
2511.92 650.38 1.37867e-05
3162.3 818.8 1.0213e-05
3981.1 1030.8 7.56492e-06
5011.9 1297.75 5.59981e-06
6309.65 1633.7 4.14243e-06
7943.35 2056.65 3.06255e-06
10000 2588.7 2.26329e-06
12588.7 3260.1 1.67173e-06
15848.8 4104 1.23447e-06
19952.8 5166.4 9.11387e-07
25119.2 6503.7 6.72738e-07
31622.9 8188.1 4.96504e-07
39811 10308 3.66397e-07
50119 12977.5 2.70357e-07
63096.5 16336 1.99485e-07
79432.5 20567.5 1.47181e-07
100000 25886 1.08595e-07
125886 32602 8.01123e-08
158488 41040 5.91018e-08
199528 51664 4.36026e-08
251192 65038 3.21682e-08
316230 81880 2.37324e-08
398110 103080 1.7509e-08
501190 129775 1.29177e-08
630965 163360 9.53087e-09
794325 205675 7.03202e-09
1e+06 1.15886e+07 5.18882e-09
1.25886e+07 3.2603e+06 3.82836e-09
1.58489e+07 4.104e+06 2.8248e-09
1.99529e+07 5.1662e+06 2.08444e-09
2.51191e+07 6.5039e+06 1.53819e-09
3.1623e+07 8.188e+06 1.13513e-09
3.9811e+07 1.0308e+07 8.37722e-10
5.0119e+07 1.29765e+07 6.18257e-10
