1e-09 2.6e-10 4.59724e-06
1.26e-09 3.2e-10 7.06892e-06
1.58e-09 4.2e-10 1.08683e-05
2e-09 5.1e-10 1.66861e-05
2.51e-09 6.5e-10 2.55491e-05
3.16e-09 8.2e-10 3.89554e-05
3.98e-09 1.03e-09 5.90386e-05
5.01e-09 1.3e-09 8.8744e-05
6.31e-09 1.63e-09 0.000131946
7.94e-09 2.06e-09 0.000193433
1e-08 2.6e-09 0.00027843
1.26e-08 3.2e-09 0.00039165
1.58e-08 4.2e-09 0.000534888
2e-08 5.1e-09 0.000703778
2.51e-08 6.5e-09 0.000883493
3.16e-08 8.2e-09 0.00104547
3.98e-08 1.03e-08 0.00114885
5.01e-08 1.3e-08 0.00115114
6.31e-08 1.63e-08 0.00102931
7.94e-08 2.06e-08 0.000802507
1e-07 2.6e-08 0.000536122
1.26e-07 3.2e-08 0.0003117
1.58e-07 4.2e-08 0.000177342
2e-07 5.1e-08 0.00012534
2.51e-07 6.5e-08 0.000117461
3.16e-07 8.2e-08 0.000123163
3.98e-07 1.03e-07 0.000130486
5.01e-07 1.3e-07 0.000137027
6.31e-07 1.63e-07 0.000142606
7.94e-07 2.06e-07 0.000147309
1e-06 2.6e-07 0.000151245
1.26e-06 3.2e-07 0.000154532
1.58e-06 4.2e-07 0.000157278
2e-06 5.1e-07 0.000159581
2.51e-06 6.5e-07 0.000161523
3.16e-06 8.2e-07 0.000163177
3.98e-06 1.03e-06 0.0001646
5.01e-06 1.3e-06 0.000165838
6.31e-06 1.63e-06 0.00016693
7.94e-06 2.06e-06 0.000167904
1e-05 2.6e-06 0.000168786
1.26e-05 3.2e-06 0.000169594
1.58e-05 4.2e-06 0.000170344
2e-05 5.1e-06 0.000171048
2.51e-05 6.5e-06 0.000171716
3.16e-05 8.2e-06 0.000172357
3.98e-05 1.03e-05 0.000172979
5.01e-05 1.3e-05 0.000173588
6.31e-05 1.63e-05 0.00017419
7.94e-05 2.06e-05 0.000174791
0.0001 2.5897e-05 0.000175398
0.000125897 3.2591e-05 0.000176018
0.000158488 4.1041e-05 0.000176656
0.000199529 5.1662e-05 0.000177321
0.000251191 6.5038e-05 0.000178021
0.000316229 8.1881e-05 0.000178766
0.00039811 0.00010308 0.000179567
0.00050119 0.000129765 0.000180437
0.000630955 0.00016338 0.00018139
0.000794335 0.000205665 0.000182444
0.001 0.00025896 0.00018362
0.00125896 0.00032592 0.000184939
0.00158488 0.00041041 0.00018643
0.00199529 0.00051662 0.000188125
0.00251191 0.00065039 0.000190062
0.0031623 0.0008188 0.000192284
0.0039811 0.0010308 0.000194844
0.0050119 0.00129765 0.000197804
0.00630955 0.0016338 0.000201236
0.00794335 0.00205665 0.000205226
0.01 0.0025886 0.000209874
0.0125886 0.0032603 0.000215304
0.0158489 0.004104 0.000221657
0.0199529 0.0051663 0.000229102
0.0251192 0.0065037 0.000237842
0.0316229 0.0081881 0.000248116
0.039811 0.010308 0.000260206
0.050119 0.0129765 0.000274445
0.0630955 0.016337 0.000291224
0.0794325 0.0205675 0.00031099
0.1 0.025886 0.000334242
0.125886 0.032602 0.000361556
0.158488 0.041041 0.000393498
0.199529 0.051662 0.000430624
0.251191 0.065038 0.000473388
0.316229 0.081881 0.000521998
0.39811 0.10308 0.000576225
0.50119 0.129775 0.000635138
0.630965 0.16336 0.000696767
0.794325 0.205675 0.000757812
1 0.25886 0.000813349
1.25886 0.32603 0.000856999
1.58489 0.4104 0.000881376
1.99529 0.51662 0.000879559
2.51191 0.65039 0.000847214
3.1623 0.8188 0.000785137
3.9811 1.0308 0.000701078
5.0119 1.29765 0.000609226
6.30955 1.6338 0.000526235
7.94335 2.05665 0.000464883
10 2.5897 0.000429048
12.5897 3.2592 0.000414425
15.8489 4.1039 0.000414946
19.9528 5.1663 0.000429735
25.1191 6.5038 0.000465101
31.6229 8.1881 0.000530973
39.811 10.308 0.000634033
50.119 12.9765 0.00077
63.0955 16.338 0.000918769
79.4335 20.5665 0.00104681
100 25.887 0.0011184
125.887 32.601 0.00111015
158.488 41.04 0.00102005
199.528 51.663 0.000865812
251.191 65.038 0.000676362
316.229 81.881 0.000484293
398.11 103.08 0.00031927
501.19 129.775 0.000198387
630.965 163.37 0.000121176
794.335 205.665 7.60803e-05
1000 258.86 5.03792e-05
1258.86 326.03 3.51233e-05
1584.89 410.39 2.53511e-05
1995.28 516.64 1.86221e-05
2511.92 650.38 1.37731e-05
3162.3 818.8 1.02047e-05
3981.1 1030.8 7.55983e-06
5011.9 1297.75 5.5967e-06
6309.65 1633.7 4.14052e-06
7943.35 2056.65 3.06139e-06
10000 2588.7 2.26257e-06
12588.7 3260.1 1.6713e-06
15848.8 4104 1.23421e-06
19952.8 5166.4 9.11226e-07
25119.2 6503.7 6.7264e-07
31622.9 8188.1 4.96444e-07
39811 10308 3.6636e-07
50119 12977.5 2.70335e-07
63096.5 16336 1.99471e-07
79432.5 20567.5 1.47173e-07
100000 25886 1.0859e-07
125886 32602 8.01092e-08
158488 41040 5.90999e-08
199528 51664 4.36014e-08
251192 65038 3.21675e-08
316230 81880 2.37319e-08
398110 103080 1.75088e-08
501190 129775 1.29176e-08
630965 163360 9.53078e-09
794325 205675 7.03196e-09
1e+06 1.15886e+07 5.18878e-09
1.25886e+07 3.2603e+06 3.82834e-09
1.58489e+07 4.104e+06 2.82479e-09
1.99529e+07 5.1662e+06 2.08443e-09
2.51191e+07 6.5039e+06 1.53819e-09
3.1623e+07 8.188e+06 1.13513e-09
3.9811e+07 1.0308e+07 8.3772e-10
5.0119e+07 1.29765e+07 6.18255e-10
