1e-09 2.6e-10 5.25374e-06
1.26e-09 3.2e-10 8.05358e-06
1.58e-09 4.2e-10 1.23492e-05
2e-09 5.1e-10 1.89165e-05
2.51e-09 6.5e-10 2.89078e-05
3.16e-09 8.2e-10 4.40039e-05
3.98e-09 1.03e-09 6.65973e-05
5.01e-09 1.3e-09 9.99905e-05
6.31e-09 1.63e-09 0.000148527
7.94e-09 2.06e-09 0.000217574
1e-08 2.6e-09 0.000312991
1.26e-08 3.2e-09 0.000440067
1.58e-08 4.2e-09 0.000600839
2e-08 5.1e-09 0.000790449
2.51e-08 6.5e-09 0.000992352
3.16e-08 8.2e-09 0.00117465
3.98e-08 1.03e-08 0.00129168
5.01e-08 1.3e-08 0.00129595
6.31e-08 1.63e-08 0.00116171
7.94e-08 2.06e-08 0.000910322
1e-07 2.6e-08 0.000614816
1.26e-07 3.2e-08 0.000366268
1.58e-07 4.2e-08 0.00021837
2e-07 5.1e-08 0.000162428
2.51e-07 6.5e-08 0.00015565
3.16e-07 8.2e-08 0.000163855
3.98e-07 1.03e-07 0.000173654
5.01e-07 1.3e-07 0.000182361
6.31e-07 1.63e-07 0.000189786
7.94e-07 2.06e-07 0.000196045
1e-06 2.6e-07 0.000201283
1.26e-06 3.2e-07 0.000205658
1.58e-06 4.2e-07 0.000209312
2e-06 5.1e-07 0.000212376
2.51e-06 6.5e-07 0.000214962
3.16e-06 8.2e-07 0.000217162
3.98e-06 1.03e-06 0.000219055
5.01e-06 1.3e-06 0.000220703
6.31e-06 1.63e-06 0.000222155
7.94e-06 2.06e-06 0.000223451
1e-05 2.6e-06 0.000224624
1.26e-05 3.2e-06 0.000225699
1.58e-05 4.2e-06 0.000226696
2e-05 5.1e-06 0.000227632
2.51e-05 6.5e-06 0.00022852
3.16e-05 8.2e-06 0.000229371
3.98e-05 1.03e-05 0.000230196
5.01e-05 1.3e-05 0.000231004
6.31e-05 1.63e-05 0.000231802
7.94e-05 2.06e-05 0.000232599
0.0001 2.5897e-05 0.000233403
0.000125897 3.2591e-05 0.000234222
0.000158488 4.1041e-05 0.000235065
0.000199529 5.1662e-05 0.000235942
0.000251191 6.5038e-05 0.000236865
0.000316229 8.1881e-05 0.000237845
0.00039811 0.00010308 0.000238897
0.00050119 0.000129765 0.000240039
0.000630955 0.00016338 0.000241288
0.000794335 0.000205665 0.000242667
0.001 0.00025896 0.000244202
0.00125896 0.00032592 0.000245922
0.00158488 0.00041041 0.000247864
0.00199529 0.00051662 0.000250067
0.00251191 0.00065039 0.000252581
0.0031623 0.0008188 0.00025546
0.0039811 0.0010308 0.000258771
0.0050119 0.00129765 0.000262592
0.00630955 0.0016338 0.000267013
0.00794335 0.00205665 0.000272142
0.01 0.0025886 0.000278103
0.0125886 0.0032603 0.00028505
0.0158489 0.004104 0.000293153
0.0199529 0.0051663 0.000302619
0.0251192 0.0065037 0.000313689
0.0316229 0.0081881 0.000326646
0.039811 0.010308 0.000341819
0.050119 0.0129765 0.000359588
0.0630955 0.016337 0.000380386
0.0794325 0.0205675 0.000404699
0.1 0.025886 0.000433045
0.125886 0.032602 0.000465995
0.158488 0.041041 0.000504061
0.199529 0.051662 0.000547687
0.251191 0.065038 0.000597122
0.316229 0.081881 0.000652261
0.39811 0.10308 0.00071243
0.50119 0.129775 0.000776116
0.630965 0.16336 0.000840654
0.794325 0.205675 0.000901992
1 0.25886 0.000954507
1.25886 0.32603 0.000991318
1.58489 0.4104 0.00100491
1.99529 0.51662 0.000988781
2.51191 0.65039 0.000939605
3.1623 0.8188 0.000859721
3.9811 1.0308 0.000758666
5.0119 1.29765 0.000652215
6.30955 1.6338 0.000557947
7.94335 2.05665 0.000488689
10 2.5897 0.000447635
12.5897 3.2592 0.000429558
15.8489 4.1039 0.000427675
19.9528 5.1663 0.00044078
25.1191 6.5038 0.000475093
31.6229 8.1881 0.000540491
39.811 10.308 0.0006435
50.119 12.9765 0.000779563
63.0955 16.338 0.00092825
79.4335 20.5665 0.00105578
100 25.887 0.00112635
125.887 32.601 0.00111669
158.488 41.04 0.00102503
199.528 51.663 0.00086931
251.191 65.038 0.000678624
316.229 81.881 0.000485633
398.11 103.08 0.000320001
501.19 129.775 0.000198763
630.965 163.37 0.000121366
794.335 205.665 7.61788e-05
1000 258.86 5.04332e-05
1258.86 326.03 3.51544e-05
1584.89 410.39 2.53696e-05
1995.28 516.64 1.86333e-05
2511.92 650.38 1.378e-05
3162.3 818.8 1.02089e-05
3981.1 1030.8 7.56241e-06
5011.9 1297.75 5.59827e-06
6309.65 1633.7 4.14149e-06
7943.35 2056.65 3.06198e-06
10000 2588.7 2.26293e-06
12588.7 3260.1 1.67152e-06
15848.8 4104 1.23434e-06
19952.8 5166.4 9.11308e-07
25119.2 6503.7 6.7269e-07
31622.9 8188.1 4.96475e-07
39811 10308 3.66379e-07
50119 12977.5 2.70346e-07
63096.5 16336 1.99478e-07
79432.5 20567.5 1.47177e-07
100000 25886 1.08592e-07
125886 32602 8.01108e-08
158488 41040 5.91009e-08
199528 51664 4.3602e-08
251192 65038 3.21678e-08
316230 81880 2.37322e-08
398110 103080 1.75089e-08
501190 129775 1.29176e-08
630965 163360 9.53082e-09
794325 205675 7.03199e-09
1e+06 1.15886e+07 5.1888e-09
1.25886e+07 3.2603e+06 3.82835e-09
1.58489e+07 4.104e+06 2.82479e-09
1.99529e+07 5.1662e+06 2.08444e-09
2.51191e+07 6.5039e+06 1.53819e-09
3.1623e+07 8.188e+06 1.13513e-09
3.9811e+07 1.0308e+07 8.37721e-10
5.0119e+07 1.29765e+07 6.18256e-10
